2.099954246504139377e+01
2.197255434408978658e+01
2.284020217435272215e+01
2.196757394074046488e+01
2.314681749364208940e+01
2.258921127990605626e+01
2.069418490684841316e+01
2.303635402139236277e+01
2.317723379183087218e+01
2.148121199677466109e+01
2.380884048344900350e+01
2.210677965048980553e+01
2.226955333498707290e+01
2.113472927809059954e+01
2.197050978029924906e+01
2.408311274704023219e+01
2.058416412318540267e+01
2.153018158359439838e+01
2.221811477214829011e+01
2.226453203163223549e+01
2.245892107490244172e+01
2.009045560279995968e+01
2.174676039234527991e+01
2.287761501820988741e+01
2.046515315997582718e+01
2.136767422387956827e+01
2.050432391013395517e+01
2.180614486545666608e+01
2.287387966381583837e+01
2.043152187238974449e+01
2.316261711162677983e+01
2.072579719412084742e+01
2.241519435006511429e+01
2.037994364452592322e+01
2.179219416405839738e+01
2.263854741096697865e+01
2.025010724308132026e+01
2.112311341630409345e+01
2.141821001443832273e+01
2.073389158682975619e+01
2.121299379536635143e+01
2.184529914072594892e+01
2.131926214836853717e+01
2.178667691986803234e+01
2.088414114912014341e+01
2.222192152928975872e+01
2.091687494034914607e+01
2.083746108757366500e+01
2.122704080325642551e+01
2.131103834588136792e+01
2.118144779798364397e+01
2.114902416236745708e+01
2.084192808340437608e+01
2.104699110156202480e+01
2.127908682441864485e+01
2.137007293311040712e+01
2.086007212023707069e+01
2.117091522803360704e+01
2.162072047054355650e+01
2.097852630512570116e+01
2.107367406351413663e+01
2.119384542646200487e+01
2.230834739141235445e+01
2.104984210679378265e+01
2.116087994191133959e+01
2.280679649657135144e+01
2.107739250876176129e+01
2.087167130482034594e+01
2.188862686346357123e+01
2.088514413609810205e+01
2.138289517061613410e+01
2.263608313800098415e+01
2.091418425470791931e+01
2.143201722047604108e+01
2.183584924307448816e+01
2.137017761611830480e+01
2.129764796023302509e+01
2.252811746935708470e+01
2.140633465706141436e+01
2.182777017525765828e+01
2.098332634226688853e+01
2.084664576177930329e+01
2.116909470374332969e+01
2.310580674447722060e+01
2.099641682331173698e+01
2.143466114663124955e+01
2.144580524966271184e+01
2.116183183327102313e+01
2.339434505323643876e+01
2.127537721391666636e+01
2.251733433220586988e+01
2.142882903249177318e+01
2.266244658526663613e+01
2.322870892609558169e+01
2.112453284618606730e+01
2.181147888477988772e+01
2.142263068186704444e+01
2.132480646745398900e+01
2.112852149291524029e+01
2.119374171871194790e+01
2.163945081134383486e+01
2.150059407249042920e+01
2.122336267134919652e+01
2.120389867975003995e+01
2.366150144307729875e+01
2.170295701709580527e+01
2.138368023114063021e+01
2.123452287262140104e+01
2.179314297653965227e+01
2.108402804574528133e+01
2.148045832200136829e+01
2.150457416939645228e+01
2.168541289278842044e+01
2.135008928744562695e+01
2.286348441594236647e+01
2.134647324946096347e+01
2.114528262319000262e+01
2.154921192389640794e+01
2.162601299735984739e+01
2.143348788360114909e+01
2.327675735127118273e+01
2.173868376115329681e+01
2.179782515386889230e+01
2.118905910766248368e+01
2.147076205781586467e+01
2.160062786596384399e+01
2.200559846470564906e+01
2.250545832856670003e+01
2.156391493095447132e+01
2.300775105212569116e+01
2.156331292767080043e+01
2.138391059990125953e+01
2.165333901687438001e+01
2.168642036366657777e+01
2.145847928344116795e+01
2.194304211131309401e+01
2.136019483480797021e+01
2.193826128050505986e+01
2.163271306272579864e+01
2.169886756909172476e+01
2.134411896138873033e+01
2.171007973024795135e+01
2.176433685820081365e+01
2.267046920188142423e+01
2.191640559426313928e+01
2.263855826936614335e+01
2.193706906303336979e+01
2.166329967835388359e+01
2.243148033921776019e+01
2.181095329219854051e+01
2.157061267597360654e+01
2.199481762910219729e+01
2.189026493063150269e+01
2.164804244952305368e+01
2.193491492833434720e+01
2.176230664480700128e+01
2.182157501415795764e+01
2.162054268441058014e+01
2.167025756223697641e+01
2.141908044191893978e+01
2.164045877171582788e+01
2.175132997339352414e+01
2.166370510899215063e+01
2.127295256742607776e+01
2.141060422551715448e+01
2.274954241777893671e+01
2.154218244587538322e+01
2.160281746678120030e+01
2.182954371269115512e+01
2.206972834762749613e+01
2.154672191708119655e+01
2.158602809671809553e+01
2.170779060445162045e+01
2.293781828514809007e+01
2.178805578841748414e+01
2.216433902852064364e+01
2.138291537413456922e+01
2.195441712580145222e+01
2.157797015133533947e+01
2.155211926588196292e+01
2.167627546594776078e+01
2.155417802649449754e+01
2.150210444960978506e+01
2.143001409980040251e+01
2.156958857020164544e+01
2.192658064728945533e+01
2.127899831247571782e+01
2.174848963935657764e+01
2.170259309874327869e+01
2.184965070024651723e+01
2.209330157555277196e+01
2.214928662039848462e+01
2.161313987422984439e+01
2.250020917919626839e+01
2.176844843581136857e+01
2.152460467649779829e+01
2.179779956889764136e+01
2.191316179932061559e+01
2.197942197542031550e+01
2.169564440156868557e+01
2.181778883899858101e+01
2.179238665288525212e+01
2.237002155535259362e+01
2.147841184175397444e+01
2.285927150129806762e+01
2.164481708129303072e+01
2.176501502165140778e+01
2.203692296024255626e+01
2.357180960909684231e+01
2.161002870290204925e+01
2.181333266045955099e+01
2.170918957196581545e+01
2.178608666905267555e+01
2.220334063747911202e+01
2.222267499377315758e+01
2.184340626429080245e+01
2.177462985802990403e+01
2.165336501003441327e+01
2.191551698765540124e+01
2.183241306570372586e+01
2.208821905203030411e+01
2.182662278498946762e+01
2.179116623356830118e+01
2.187837695752689982e+01
2.179671554271279277e+01
2.181854623957084627e+01
2.171697946532411905e+01
2.178979513316581773e+01
2.205936047761140983e+01
2.220401463629697503e+01
2.207944739275207624e+01
2.194685900189579897e+01
2.210561720140869113e+01
2.227918172886718651e+01
2.170882868320087766e+01
2.205453536940709114e+01
2.150492771623951072e+01
2.188162656345371104e+01
2.187435575781024966e+01
2.217840836451709663e+01
2.246883998501728286e+01
2.184868655273269411e+01
2.194164953167954124e+01
2.192589239698219217e+01
2.218628276302679225e+01
2.178971639762031742e+01
2.249561156605409451e+01
2.206187177866991789e+01
2.194599044137979504e+01
2.403791862777892163e+01
2.186051209785443206e+01
2.230307088896966405e+01
2.185053458868110354e+01
2.218314855067756497e+01
2.212886709040255084e+01
2.168902604178014570e+01
2.195545114359573446e+01
2.188461022958190227e+01
2.205893071940243289e+01
2.194088303613608559e+01
2.235830934599288966e+01
2.204145304797377136e+01
2.162806012952494683e+01
2.210131642727589352e+01
2.196452987961269798e+01
2.275830526183183622e+01
2.223774555173000067e+01
2.187804652424762963e+01
2.238144255906949098e+01
2.182338199257087652e+01
2.216797030970445448e+01
2.178323274683634736e+01
2.201697724133948242e+01
2.186966862889905272e+01
2.210655322431241743e+01
2.204785637384063435e+01
2.204392225614619605e+01
2.214425551857446806e+01
2.183814957761279629e+01
2.188561146504910226e+01
2.202638885921585654e+01
2.210352960254085986e+01
2.217184211108137148e+01
2.234126121805541842e+01
2.195575483107198878e+01
2.222451366193766731e+01
2.215774738959639478e+01
2.227937237836201945e+01
2.197097978651005334e+01
2.287202784160606939e+01
2.194504593976445150e+01
2.232872758588934303e+01
2.190439802770582034e+01
2.224713689260690686e+01
2.231266585543027858e+01
2.211693661259759836e+01
2.199618368726898865e+01
2.217357242015719265e+01
2.274341307095686204e+01
2.219876330883982263e+01
2.232408921390368661e+01
2.217600921712429951e+01
2.231034868385342662e+01
2.226537522392723645e+01
2.230582789707491287e+01
2.224932981658180609e+01
2.213879595178607218e+01
2.218317258983572060e+01
2.236934118843675989e+01
2.232681451790152494e+01
2.195341510015679631e+01
2.215172481539106641e+01
2.221635282407040535e+01
2.167675036984703496e+01
2.220670210383076437e+01
2.250727137374684261e+01
2.258499618211106608e+01
2.208810400675523411e+01
2.236747600794405599e+01
2.238324453390105617e+01
2.210436815512079178e+01
2.259034968710837532e+01
2.220381027843694710e+01
2.224095567212704339e+01
2.273132645882411751e+01
2.259421594940113209e+01
2.210751338640320540e+01
2.208928959092160582e+01
2.192733469825894588e+01
2.214273773170832627e+01
2.248391779817124103e+01
2.221995746695613150e+01
2.230602909129540734e+01
2.250907781375724426e+01
2.212681498218256237e+01
2.277727261285548721e+01
2.268239083912224174e+01
2.243392527496941113e+01
2.213061134460231472e+01
2.235120269112749014e+01
2.250084632925979378e+01
2.243273213969489532e+01
2.245157723729574428e+01
2.220693120358193084e+01
2.248400247383290207e+01
2.232432460225598092e+01
2.248606772186031222e+01
2.257426703361982945e+01
2.272753973094653190e+01
2.227836151804201492e+01
2.250596869880295614e+01
2.227356329301981219e+01
2.273285311584924528e+01
2.262193401194670983e+01
2.256726562318712581e+01
2.236190558517397164e+01
2.237071039829689312e+01
2.255413885648815864e+01
2.247058848041509904e+01
2.215618623593547909e+01
2.247460262346847060e+01
2.239565181116526560e+01
2.282757516877649806e+01
2.237778186254418245e+01
2.276152802852616119e+01
2.279471109096504478e+01
2.246951966501994491e+01
2.234479390423816980e+01
2.250787302196444273e+01
2.272354644543715096e+01
2.259235051305761033e+01
2.274770844408132930e+01
2.259232827818878775e+01
2.255210482651443016e+01
2.270060035971917500e+01
2.250598750866146247e+01
2.262495962905938285e+01
2.270778830849489083e+01
2.254534152662018087e+01
2.299655218126618905e+01
2.257458092604078104e+01
2.291232767691170835e+01
2.266208670106130540e+01
2.275967412956168801e+01
2.291505754490301072e+01
2.293257486618616880e+01
2.244676643049258757e+01
2.293204085978141293e+01
2.285518091452816591e+01
2.325192277972926291e+01
2.268905956635186527e+01
2.274019514008743670e+01
2.277473074660878183e+01
2.292755973170092076e+01
2.278748787229865869e+01
2.286073468769086148e+01
2.286157682528401125e+01
2.281300134349782738e+01
2.294494508078793871e+01
2.338332282198919643e+01
2.332468965185278620e+01
2.354735713125342755e+01
