5.805312070017561998e-01
4.291246664166524227e-01
2.385453901906777474e-01
4.763007176237041285e-01
2.289124679579139232e-01
2.493684062654232536e-01
7.352432766247255502e-01
2.119237478789341711e-02
2.283014604794686431e-01
4.689480909751161941e-01
1.164982331810019284e-01
3.515749839239523111e-01
2.062602199558060678e-01
3.444987796504833111e-01
4.279176375613721328e-01
3.859150984124095490e-02
2.120337889874954196e-01
3.940204646049929038e-01
3.701594314537180463e-01
4.162455453546090034e-01
1.346746783581991846e-01
3.805136655949419855e-01
3.609863439472139612e-01
1.489214804906052181e-01
4.255425089524497162e-01
6.352335427850932525e-01
5.247143501792905784e-01
4.966826167877931297e-01
1.574665671203290263e-01
5.584470786136995768e-01
1.871480310682503145e-01
5.713965523863550056e-01
2.524655248927213380e-01
6.252589518206288499e-01
5.171501799431901247e-01
1.973939825226598554e-01
5.690322636641642617e-01
1.539128998603301879e-01
3.092300341506137307e-01
4.808670036868042952e-01
2.883307243949631560e-01
4.551811609381096746e-01
5.407473716793780305e-01
3.086868391318377536e-01
4.444491874133706943e-01
3.869820741364064509e-01
6.265898481309400969e-01
3.194271997767403892e-01
5.580761039466262119e-01
5.720902339959679228e-01
3.655218681233459166e-01
6.846757126307275731e-01
2.052921573651593223e-01
3.921865067318635045e-01
4.767800067350324578e-01
4.796728300148575541e-01
3.444900465178670768e-01
5.668091938467928470e-01
5.799992208003180716e-01
3.352723916477011179e-01
6.300015243523532371e-01
4.497848420866317198e-01
4.178179166955088841e-01
4.158294099705254765e-01
3.886362731863129971e-01
2.791022261530674564e-01
5.714716753559495599e-01
5.992009520015295632e-01
5.141682436349721552e-01
5.901848079681131232e-01
3.106204080280451363e-01
3.159014509082503364e-01
4.155261858917606022e-01
3.897390614301590728e-01
3.642547314125186286e-01
3.916517905532626020e-01
5.086501900223737715e-01
3.366203023717518894e-01
5.688710110231764983e-01
3.779616998382007154e-01
1.495024887705321270e-01
1.794431966280554125e-01
4.512546555420254846e-01
1.276364862394849253e-01
2.534438113576675256e-01
2.664893931710495267e-01
4.498568712075011744e-01
1.374261745209025831e-01
1.553312115484222211e-01
2.366247015508683438e-01
3.617250584158301918e-01
5.238851363132269734e-01
3.383087154745533232e-01
1.836456800784868337e-01
5.383796811073517929e-01
3.346251528805104236e-01
5.282170742585725609e-01
6.044439879971384988e-01
5.072447998132768587e-01
5.370967211082323667e-01
2.770606383420493590e-01
6.005610199537119165e-01
3.993815591864192105e-01
1.563463710995954825e-01
1.685485684301266662e-01
2.544808587947001155e-01
4.398742849270219635e-01
4.668065990587019209e-01
5.184365067002569827e-01
4.457042567691516521e-01
5.033725222767341245e-01
4.904229160961857126e-01
5.617322113143461415e-01
3.556748867373901724e-01
1.341298419418383570e-01
3.875839916423013398e-01
1.913063095405119485e-01
5.268191694230086597e-01
3.416419936242321986e-01
3.550659812971791451e-01
1.515072788645743240e-01
2.594529236660086391e-01
3.008558771365695828e-01
3.148302780777069709e-01
5.973232681702065339e-01
4.880618244251149762e-01
1.769774453728309160e-01
3.101448084082203960e-01
3.492607890311115182e-01
2.387545558128085499e-01
4.711619641130970204e-01
6.140336049179602185e-01
2.955566071564099673e-01
4.339248941059686282e-01
5.339055066582688580e-01
4.547293227271279048e-01
2.711965223614078990e-01
3.923680503609159875e-01
5.862118021007864943e-01
3.699040067528633902e-01
1.497848492394485420e-01
2.430900418491430126e-01
4.166216550213626690e-01
1.947184307371166712e-01
2.145009475188117964e-01
3.026511744923000569e-01
3.198308572685536477e-01
5.449923690324046666e-01
3.849469046849680609e-01
3.171757368008492617e-01
3.621791239076792013e-01
1.645370016303539518e-01
3.789955684361703825e-01
2.779303025566698393e-01
5.036451827414091253e-01
2.947640545538970369e-01
4.701401913284256051e-01
2.577535402960564048e-01
2.940134187190804882e-01
4.342413453888808728e-01
5.171155901122540532e-01
2.423585046719101133e-01
8.885501962786232499e-02
4.810466532737011636e-01
1.515351553294548848e-01
2.646275627844077438e-01
4.530899421741911293e-01
3.898820365804460120e-01
4.300872791159320307e-01
2.863314237267983176e-01
4.103035138502245660e-01
3.010030852544507418e-01
2.684033613926254946e-01
2.340910892735404425e-01
2.117536141448125020e-01
3.349758519145696334e-01
5.895880137855510350e-01
4.267499935168082015e-01
9.268412636238003433e-02
3.661967821628090980e-01
3.240667923601953104e-01
3.166673665532875326e-01
5.587950830967032267e-01
5.899875044478496422e-01
5.908320065844033797e-01
3.371665233783497917e-01
3.591105775868475014e-01
4.773361478713141759e-01
4.683679626593467149e-01
4.344712972380057048e-01
1.319878175148494204e-01
4.604398249407932187e-01
5.604255226277355950e-01
2.591713927276500518e-01
3.281581262347243455e-01
4.912940493452329083e-01
4.573118469746708659e-01
4.473609496873853786e-01
4.892740293797653295e-01
3.119092735950267370e-01
3.979105407385375437e-01
5.020627585419935590e-01
2.032630679474493884e-01
2.333427401008086877e-01
2.630486891082654544e-01
4.381766595880132176e-01
3.657085733021856466e-01
2.912935925512519231e-01
7.826459614670226717e-02
2.908170666488787415e-01
2.914261514541855447e-01
1.801291838175666238e-01
2.438455972812748618e-01
3.487792272572982633e-01
2.192566337193292969e-01
2.615038616440702457e-01
4.633103914663576628e-01
4.528240915205186123e-01
4.819228251442120303e-01
2.035283178846671315e-01
4.344543408136053997e-01
3.989210949883290058e-01
5.267746764397578385e-01
5.104781539753804331e-01
4.503643335182985763e-01
4.011941817419031886e-01
3.190307683878786382e-01
2.189625453821297529e-01
3.035810728641911704e-01
4.045981172610921828e-01
2.103731484468178980e-01
3.167799055496234861e-01
3.309236936772646520e-01
4.178130686272429339e-01
5.654593783140114960e-01
2.985750336783919989e-01
4.597527572683028918e-01
3.063744165786457252e-01
5.307650191236630288e-01
2.544573514734088104e-01
2.808678917608647962e-01
3.367655350284052829e-01
3.688666273166774090e-01
3.026129152849596493e-01
1.071046023701268946e-01
2.088658240331996707e-01
2.603484281543738121e-01
1.918535344017257283e-01
1.652402224287255750e-01
9.573836810049887736e-02
4.148176619838037649e-01
2.900616851607632496e-01
4.426680783157308507e-01
2.849387960925325869e-01
2.978284665951801413e-01
4.639231477537825166e-01
3.535290558033179487e-01
2.276076453183814574e-01
4.011212252901595332e-01
3.285700333121789884e-01
2.836140942057733816e-01
9.271862663642582714e-02
4.943279617711112128e-01
4.191757746198583323e-01
3.310644703586587134e-01
2.131614174589942790e-01
2.801037049005485891e-01
4.322595938201509447e-01
3.667509187498723122e-01
3.114960561190123212e-01
2.588201558302975491e-01
1.424023831413406271e-01
2.379140847403768133e-01
4.219635982492047077e-01
3.321016929185880984e-01
3.401144746678181896e-01
3.033158637902784727e-01
3.839723995340997287e-01
4.222684156052500803e-01
5.129301420963457980e-01
3.541013800986185234e-01
1.859021095720833627e-01
3.970690698710728217e-01
2.181886685525009084e-01
3.329574112496161975e-01
4.017905474698818535e-01
3.563115275890118561e-01
2.356084579898029552e-01
2.794138423632397394e-01
3.116361338454487484e-01
3.623663055585795156e-01
2.574662038183908597e-01
4.674887143450831561e-01
1.520255624121480964e-01
2.794851281202459514e-01
4.670370370836172680e-01
2.611449602845634654e-01
1.910984574472794073e-01
2.006590096281890834e-01
3.388709725585994925e-01
2.580098848216575425e-01
2.349555400213265699e-01
2.526569999071660577e-01
2.953838650254007603e-01
3.746979388163424463e-01
2.140594233798412127e-01
3.000794436018163758e-01
4.495753693245992388e-01
2.201593573935647918e-01
3.674609709723763995e-01
4.340082681202001025e-01
2.281347437975038972e-01
4.412406925665862123e-01
5.458769695952673251e-01
2.296402280431327492e-01
1.758883827569875657e-01
1.514521076397392640e-01
2.726498453707065228e-01
1.407126785353019771e-01
3.899003599461016711e-01
3.378772744573148579e-01
3.040182173339078253e-01
2.920796433740781017e-01
4.167938306027534900e-01
2.458291225970369864e-01
2.668639445723651749e-01
4.210576026258486815e-01
1.283134825091608311e-01
1.901077486347428347e-01
2.635160080295527729e-01
3.567398051134119119e-01
3.007914475628750139e-01
4.155805223889093569e-01
2.202210013508738018e-01
3.306475454220354493e-01
3.241928394679757242e-01
3.268028115636457120e-01
2.664971827447204511e-01
4.195418887288404064e-01
3.200146888211300444e-01
1.102205191791788275e-01
3.409310788847411677e-01
2.346312479832619868e-01
4.560992935324388875e-01
3.398954549950334303e-01
1.532552336722382835e-01
3.096125420674554207e-01
3.235621357228929407e-01
3.252966437476118022e-01
2.511470814835657928e-01
1.123176156703557388e-01
3.228397327790922255e-01
2.808837316801510720e-01
1.492368314635210136e-01
1.712785446397998290e-01
2.731719204890061814e-01
2.901164461254450710e-01
1.742122383561435506e-01
2.985916194499483312e-01
1.804843556209835276e-01
2.307469524722993992e-01
3.922879897157755535e-01
3.171215487162380442e-01
3.655342717181941370e-01
3.078360079019913376e-01
2.796678945752386070e-01
2.706700329469180488e-01
1.855162245376410501e-01
2.183632357076511765e-01
3.222988604911028454e-01
2.997227869296415492e-01
2.128395776110737769e-01
2.836978021782417536e-01
3.371558022899858176e-01
2.476690351571809445e-01
3.551663040534111526e-01
1.722673728032411145e-01
2.551366019133052832e-01
3.301279789014750499e-01
1.427928442687239896e-01
1.954417374429324172e-01
2.668814510483167868e-01
2.944816625956218625e-01
1.263304176054681482e-01
2.855977159280322919e-01
2.783825754398522312e-01
3.940702319697375056e-01
2.131248448031029807e-01
3.054251803391062614e-01
1.415872705196830617e-01
3.161284990648752791e-01
1.485510494829796468e-01
2.470066797964658445e-01
1.982709366075476876e-01
2.344741329252164330e-01
2.121370729178915782e-01
2.997747863436093785e-01
2.840424450878066831e-01
2.064704358801406070e-01
1.568546792943913692e-01
1.636036347072689912e-01
8.375206952897371049e-02
