# Data from Sun_2015_ApJ_802_14.pdf
# ID R.A., Dec., z, Field(0 cosmos, 1 CDF-s), logMBH, logM*
1 149.83875 2.67511 0.26 0 7.07 10.88
2 150.15837 2.13961 1.83 0 8.99 11.75
3 150.34592 2.14758 1.26 0 8.28 11.
4 150.0425 2.62917 1.57 0 8.68 11.90
5 149.69879 2.44122 1.52 0 8.74 10.52
6 149.881 2.45083 1.32 0 8.01 11.05
7 149.99158 1.72428 1.62 0 8.19 11.55
8 150.30954 2.39914 1.80 0 8.81 11.49
9 150.62525 1.80289 0.63 0 7.43 10.79
10 150.05871 2.47739 1.26 0 8.58 11.52
11 149.70587 2.41975 1.12 0 9.36 11.37
12 149.94171 2.79544 1.07 0 8.67 11.38
13 149.58283 2.48433 0.34 0 8.15 11.25
14 150.12508 2.86175 1.58 0 8.30 11.80
15 150.32737 2.46094 1.05 0 8.70 11.29
16 149.59246 1.75675 1.96 0 8.90 11.23
17 150.14708 2.71747 1.18 0 8.13 10.79
18 150.19558 2.00442 1.92 0 9.02 11.14
19 150.63387 2.59369 0.66 0 8.01 10.12
20 150.49567 2.41256 1.37 0 8.43 11.19
21 150.57633 2.18142 0.55 0 8.29 11.06
22 150.64521 2.71481 0.20 0 6.55 10.63
23 150.19504 1.79383 1.87 0 8.74 11.57
24 149.41992 2.03553 1.48 0 9.12 11.49
25 150.58187 2.28769 1.34 0 7.99 10.83
26 149.47792 2.64247 1.6 0 8.64 11.77
27 149.86558 2.00306 1.25 0 8.11 10.41
28 149.64183 2.74089 1.89 0 8.72 10.18
29 150.658 2.7835 0.21 0 6.95 10.66
30 150.55487 2.641 1.14 0 8.51 10.76
31 149.58521 2.05111 1.35 0 8.80 11.28
32 150.19975 2.19089 1.51 0 8.89 11.18
33 150.11929 2.85353 0.77 0 9.09 11.12
34 150.31367 2.80361 1.46 0 9.06 10.80
35 149.91692 2.38522 1.13 0 8.59 11.42
36 149.78971 2.32125 0.38 0 7.39 10.55
37 150.6355 1.66917 1.79 0 8.78 10.33
38 150.30004 2.70936 0.73 0 7.61 9.33
39 150.13954 1.6365 0.52 0 7.49 10.30
40 150.23083 2.57817 1.40 0 8.87 11.35
41 150.80187 2.00061 1.78 0 9.21 10.50
42 150.62771 2.741 0.82 0 7.92 10.50
43 150.384 1.57247 1.36 0 8.17 11.09
44 150.25267 2.48642 2.04 0 9.06 11.39
45 150.24517 1.90008 1.56 0 8.66 11.18
46 150.19467 2.06792 0.55 0 7.29 11.17
47 150.13908 1.877 0.83 0 8.12 11.07
48 150.006 2.81242 0.77 0 8.38 10.77
49 149.86796 2.35192 0.35 0 6.84 10.63
50 149.62429 2.18067 1.19 0 8.43 10.99
51 149.4795 2.80183 1.11 0 8.68 11.29
52 149.868 2.33075 1.49 0 8.67 11.18
53 150.55046 1.709 0.37 0 7.35 10.44
54 149.6692 2.07406 0.34 0 8.31 10.67
55 150.10521 1.98117 0.37 0 8.12 8.75
56 150.05379 2.58967 0.7 0 8.33 11.21
57 150.1237 2.35825 0.73 0 7.21 10.62
58 150.68317 2.57461 0.38 0 7.75 10.31
59 150.2082 1.87536 1.16 0 8.83 10.74
60 149.89484 2.17444 1.32 0 8.57 10.90
61 149.76346 2.33411 1.13 0 8.08 10.94
62 149.66362 2.08519 1.22 0 8.19 10.80
63 53.22033 -27.85556 1.23 1 8.25 10.74
64 53.11037 -27.67658 1.03 1 7.80 10.64
65 53.10483 -27.70525 1.62 1 8.74 11.00
66 53.07146 -27.71761 0.57 1 7.65 10.35
67 53.0455 -27.73756 1.615 1 8.84 11.06
68 53.25642 -27.76183 0.62 1 7.96 10.82
69 53.12525 -27.75656 0.96 1 7.43 10.67
