#logL_bol (ergs/sec), logMBH(M_sun), logMstar(M_sun), host M_R, host mag_WFC3, host mag_ACS/F814w 
45.59 8.41 10.78 -23.015 21.482 23.214
45.41 7.75 10.14 -21.409 22.879 24.828
45.64 8.53 10.59 -22.543 21.822 23.671
45.04 7.85 10.78 -23.015 21.51 23.446
46.0 8.29 10.91 -23.341 21.279 23.718
46.18 8.5 10.81 -23.094 21.613 22.888
45.96 8.53 10.89 -23.299 21.161 23.595
45.34 7.89 10.71 -22.845 21.164 22.971
45.26 8.26 10.86 -23.206 21.176 22.732
45.51 8.31 10.84 -23.159 21.196 23.352
46.13 8.29 10.8 -23.064 20.934 22.504
45.73 8.19 10.43 -22.148 21.994 23.765
45.5 7.81 10.46 -22.207 21.868 23.563
45.71 8.54 10.75 -22.937 21.189 23.566
45.84 8.48 10.72 -22.85 21.862 24.625
45.77 8.56 11.05 -23.68 20.939 23.289
45.76 8.47 10.86 -23.199 21.251 23.088
45.98 8.41 10.81 -23.093 21.455 23.254
45.7 8.4 10.63 -22.626 21.869 23.898
45.72 8.46 10.88 -23.269 21.16 22.592
46.28 8.48 10.85 -23.182 21.404 23.364
45.89 8.79 10.45 -22.175 22.468 -99
45.68 8.08 10.63 -22.632 21.568 -99
46.07 8.46 11.25 -24.194 20.337 -99
44.95 8.09 9.79 -20.53 23.695 -99
45.56 8.12 10.89 -23.295 21.34 -99
45.56 8.63 10.49 -22.277 21.921 -99
45.59 7.94 10.54 -22.402 21.988 -99
45.23 8.2 10.51 -22.325 21.759 -99
45.89 8.49 10.92 -23.374 20.919 -99
45.5 8.47 9.68 -20.259 24.134 -99
45.78 8.05 10.76 -22.968 21.591 -99