# logL_bol (ergs/sec), logMBH(M_sun), logMstar(M_sun), host M_R 
45.59 8.41 10.78 -23.015
45.41 7.75 10.14 -21.409
45.64 8.53 10.59 -22.543
45.04 7.85 10.78 -23.015
46.0 8.29 10.91 -23.341
46.18 8.5 10.81 -23.094
45.96 8.53 10.89 -23.299
45.34 7.89 10.71 -22.845
45.26 8.26 10.86 -23.206
45.51 8.31 10.84 -23.159
46.13 8.29 10.8 -23.064
45.73 8.19 10.43 -22.148
45.5 7.81 10.46 -22.207
45.71 8.54 10.75 -22.937
45.84 8.48 10.72 -22.85
45.77 8.56 11.05 -23.68
45.76 8.47 10.86 -23.199
45.98 8.41 10.81 -23.093
45.7 8.4 10.63 -22.626
45.72 8.46 10.88 -23.269
46.28 8.48 10.85 -23.182
45.89 8.79 10.45 -22.175
45.68 8.08 10.63 -22.632
46.07 8.46 11.25 -24.194
44.95 8.09 9.79 -20.53
45.56 8.12 10.89 -23.295
45.56 8.63 10.49 -22.277
45.59 7.94 10.54 -22.402
45.23 8.2 10.51 -22.325
45.89 8.49 10.92 -23.374
45.5 8.47 9.68 -20.259
45.78 8.05 10.76 -22.968