1.140696973228043731e+01
1.138984466777536042e+01
1.090211914253588965e+01
1.122697647047048619e+01
1.089826601356432789e+01
1.100514277771340588e+01
1.152475651511635846e+01
1.088524755286964485e+01
1.089874625072229719e+01
1.142835255761448643e+01
1.059432573413421252e+01
1.109170074395981231e+01
1.119756270740953141e+01
1.134536474317271271e+01
1.113208338773717720e+01
1.046122498707604009e+01
1.158782687479810747e+01
1.112650460918358064e+01
1.104363830017025272e+01
1.112740760944195983e+01
1.112162180659506383e+01
1.167932983625021137e+01
1.114336846173697992e+01
1.091698959952567094e+01
1.149630168750681847e+01
1.137879856795265354e+01
1.157286423861708258e+01
1.125635102206722316e+01
1.085434901303265498e+01
1.165173703974488539e+01
1.069868273658165414e+01
1.157933065514985493e+01
1.106708024042469951e+01
1.158809821894142722e+01
1.111255865140261001e+01
1.100951282206403548e+01
1.168280308867265660e+01
1.143010708018715604e+01
1.130278178825713908e+01
1.145427231715225957e+01
1.125336834897701266e+01
1.117667459191904911e+01
1.140571957105544953e+01
1.109049584810257905e+01
1.146933892522501353e+01
1.098611851493598657e+01
1.145323898679319541e+01
1.156942041673891630e+01
1.134537721797273058e+01
1.122913106209581180e+01
1.133515035141689076e+01
1.141497064487422897e+01
1.148410214319116740e+01
1.151321582126529464e+01
1.136301349334304689e+01
1.137525326764170863e+01
1.139890697775893358e+01
1.136671018072624584e+01
1.116588848725897876e+01
1.150354440331812356e+01
1.142096909852723563e+01
1.128003972737283434e+01
1.090515662463105606e+01
1.142554655421274212e+01
1.133802579639648123e+01
1.099250140962761968e+01
1.146234917256617258e+01
1.148910206779324028e+01
1.093730936831851075e+01
1.153708151205561983e+01
1.112112528249864596e+01
1.074082301421697849e+01
1.158102438121459699e+01
1.117649510210166497e+01
1.123581663659204821e+01
1.122544502948165679e+01
1.132403484711116803e+01
1.085413626570669976e+01
1.127866649220277040e+01
1.105015918525118757e+01
1.136283968470164751e+01
1.152389055933831763e+01
1.139882975102800522e+01
1.071928207873944849e+01
1.143388270326117073e+01
1.119201897703299942e+01
1.124395260864084278e+01
1.136927840293861003e+01
1.050871884483767005e+01
1.139166896423727593e+01
1.112571358590774828e+01
1.128339275268471553e+01
1.080333904653065424e+01
1.079128032877631860e+01
1.143728502291240900e+01
1.120698989205012808e+01
1.129770611972698369e+01
1.139638928954842534e+01
1.131948456613081611e+01
1.141769235531647375e+01
1.127006005474644112e+01
1.119196123217653493e+01
1.130272671462222078e+01
1.136481056815416757e+01
1.061657837440346341e+01
1.125090452678141162e+01
1.122378019173370056e+01
1.135124767682016866e+01
1.112610667748508675e+01
1.155238229849096321e+01
1.122003158239877507e+01
1.118648905195118637e+01
1.108435817967733783e+01
1.136104642584456492e+01
1.077102051907459668e+01
1.139680810797678667e+01
1.144301248703876794e+01
1.121016260288329391e+01
1.103820965475971683e+01
1.132666868471786792e+01
1.065307124672514938e+01
1.122519818512372147e+01
1.112992607587151817e+01
1.137344048349751269e+01
1.110708908161941011e+01
1.132255405694279027e+01
1.103012759161515177e+01
1.084815732451981241e+01
1.120622099434952545e+01
1.083014983584135393e+01
1.126579698178140987e+01
1.124456308011961525e+01
1.114618152935819495e+01
1.105390557859328737e+01
1.121230454568429380e+01
1.103640188895149166e+01
1.131527087312544211e+01
1.115956357618983930e+01
1.108733044309511229e+01
1.109227121467091415e+01
1.134955419974976110e+01
1.122285433877665461e+01
1.117268494168933479e+01
1.094701419418767152e+01
1.104091043586274701e+01
1.087408638898931379e+01
1.104243639300651303e+01
1.127982204968026814e+01
1.095323222416333309e+01
1.110186696288330310e+01
1.121417009156502687e+01
1.102644915762230760e+01
1.114017183287506718e+01
1.113130756427307411e+01
1.104169605620677785e+01
1.117810800388998338e+01
1.118027212565017336e+01
1.127010459520798591e+01
1.118489348581950615e+01
1.139516394461480076e+01
1.123032841577057717e+01
1.116757411649187759e+01
1.122372651945237720e+01
1.149538143832882398e+01
1.134855477571162297e+01
1.092586859831798307e+01
1.103408838372122069e+01
1.114636907137650290e+01
1.115762057849830668e+01
1.108057377514611197e+01
1.134376091018951804e+01
1.125982288505510276e+01
1.118147076328129685e+01
1.069865505617837442e+01
1.126774911731908624e+01
1.103813370790740045e+01
1.131722637257469088e+01
1.113113897368769578e+01
1.134730144474089641e+01
1.128213841155801411e+01
1.115725021319360266e+01
1.129001152113918316e+01
1.109899281640161206e+01
1.120340887173771272e+01
1.116438569606023457e+01
1.095226891571864414e+01
1.148492438142150007e+01
1.110184506099677293e+01
1.132134207006741100e+01
1.105969725592949437e+01
1.106275287151476761e+01
1.102399686632567821e+01
1.115317433890085574e+01
1.086714049466315046e+01
1.125055528443096264e+01
1.110625106406055096e+01
1.120623389315826124e+01
1.102937242335595158e+01
1.104659754474741007e+01
1.114808285169780966e+01
1.126367416178186254e+01
1.128179533873799301e+01
1.090713847726671837e+01
1.125821632020720742e+01
1.090619584644946194e+01
1.130904237663701650e+01
1.100765600388347210e+01
1.108578445530905654e+01
1.058472140559285535e+01
1.130849918819764532e+01
1.118429699169829838e+01
1.129801594357414807e+01
1.129239416293822451e+01
1.089024205969971248e+01
1.112169495659365914e+01
1.101520971554966977e+01
1.117903353960648616e+01
1.114902553074731273e+01
1.091799259546971967e+01
1.106236385101970221e+01
1.108924260457011179e+01
1.106832223690665096e+01
1.109958124578641403e+01
1.103155045695043945e+01
1.125354573913635292e+01
1.119260050394278316e+01
1.116980992554160323e+01
1.116914085349671559e+01
1.113175692184146826e+01
1.107421165154922171e+01
1.100256681119054569e+01
1.108281294883277290e+01
1.109859086851693100e+01
1.095669784650166001e+01
1.132368726803277248e+01
1.108794055492367647e+01
1.127876110790085917e+01
1.114747299293915894e+01
1.104850565757928216e+01
1.103804506377449179e+01
1.094269000247931700e+01
1.106588814286551248e+01
1.107938359899471692e+01
1.107906111339089783e+01
1.113977120318165248e+01
1.105005448173234583e+01
1.086460838723670186e+01
1.109191897199204746e+01
1.104217302930363154e+01
1.029946124845938904e+01
1.116339517454391306e+01
1.106578121433030049e+01
1.106819229039052210e+01
1.103012116051558955e+01
1.106321326705126040e+01
1.122198870768273160e+01
1.114665023264157462e+01
1.102870652925242467e+01
1.110643503746866223e+01
1.125498521752830250e+01
1.089797761616348559e+01
1.124157730457629434e+01
1.123461017438214427e+01
1.113374772774498922e+01
1.115172919867215562e+01
1.087738061862115480e+01
1.096501805304046329e+01
1.093930907073641023e+01
1.093628602973156383e+01
1.111444809901784936e+01
1.103689739945298243e+01
1.107838069716015639e+01
1.119825511933365902e+01
1.102050330627139374e+01
1.112634444964444747e+01
1.104461240810570821e+01
1.103196804001045983e+01
1.090975842339409674e+01
1.118870142847039517e+01
1.111630822290615583e+01
1.107585735015091721e+01
1.103201300269020813e+01
1.091598428181591451e+01
1.099994091684797226e+01
1.111922796827098914e+01
1.104981419035125789e+01
1.104118086261414433e+01
1.094130756628945988e+01
1.104192833613397084e+01
1.084070071123068146e+01
1.125475847630687909e+01
1.096815328430336223e+01
1.112298309691912479e+01
1.091422778197276244e+01
1.094427243047492126e+01
1.097192279753268629e+01
1.112598260747645007e+01
1.102982439476038046e+01
1.080687936036083308e+01
1.100803615238432798e+01
1.089419321482791503e+01
1.112568253252020867e+01
1.103035968501825614e+01
1.098255709586974582e+01
1.084582732324612664e+01
1.088725941011645837e+01
1.112828817211566523e+01
1.092751340232188362e+01
1.101541656967931360e+01
1.101586329874115933e+01
1.122080552718771429e+01
1.105601893319311024e+01
1.102594157453844836e+01
1.109066978612268350e+01
1.112823673591518414e+01
1.092298135123355962e+01
1.094838637526945568e+01
1.101121360307295838e+01
1.088063186285918249e+01
1.094887653229884172e+01
1.095727783050339710e+01
1.084553145548244224e+01
1.108480758371537789e+01
1.108776552016431616e+01
1.097285086630911799e+01
1.093368486044795773e+01
1.094851093165741318e+01
1.108375442798971378e+01
1.102436298293924644e+01
1.095658326711500052e+01
1.088059548887305539e+01
1.098034248570161608e+01
1.092702308577347026e+01
1.086033922190481249e+01
1.106900677180046699e+01
1.086433454748864946e+01
1.077923358728875236e+01
1.079248576574947727e+01
1.101471555736670993e+01
1.098799137018036376e+01
1.092631931318161698e+01
1.090745505229389423e+01
1.082117648683058775e+01
1.102810442317226780e+01
1.096752803972624690e+01
1.101203459796442452e+01
1.093814702005889039e+01
1.089352244955040305e+01
1.077341460614233704e+01
1.098871558237912360e+01
1.092898107428951349e+01
1.101367194631366608e+01
1.070792119760158556e+01
1.101214214776738842e+01
1.091762510757561699e+01
1.092988367540620409e+01
1.079112382050093544e+01
1.078486223154799717e+01
1.085038713938550181e+01
1.093779620334356650e+01
1.097895169707047103e+01
1.089354010355765112e+01
1.082329973941633483e+01
1.090475228508119088e+01
1.078623264749512245e+01
1.069455468842251555e+01
1.085144912438324738e+01
1.096417814603698382e+01
1.093214414547109037e+01
1.086330364539088578e+01
1.082861410510729527e+01
1.082549526207338708e+01
1.085240172730657449e+01
1.087597580075668802e+01
1.079969287930282640e+01
1.093544477739165366e+01
1.074747566191530090e+01
1.068999207160260667e+01
1.090078356710915841e+01
1.082000634684105123e+01
1.082176037665894519e+01
1.070370273077755385e+01
1.080441392119138477e+01
1.077669813508579821e+01
1.073572134348376750e+01
1.085322624902683053e+01
1.092929842010659591e+01
1.075273513309872619e+01
1.066288536211031079e+01
1.077511168728003810e+01
1.080376280812175693e+01
1.082488538315827320e+01
1.075898043113181046e+01
1.076854249215419301e+01
1.070336074009383864e+01
1.075623870931142001e+01
1.079685528701281605e+01
1.083482585558907019e+01
1.083410742286764794e+01
1.071422645137554319e+01
1.067774028146110865e+01
1.059036744873953495e+01
