-2.599675804935693080e+01
-2.599675804935693080e+01
-2.355097404903547442e+01
-2.283792524452171691e+01
-2.233013653951348587e+01
-2.276858083703887559e+01
-2.211819200229758664e+01
-2.235841480415858484e+01
-2.168304710102158595e+01
-2.211249110282779640e+01
-2.174231177957414474e+01
-2.146295257671608070e+01
-2.156967009254076117e+01
-2.107527684968769321e+01
-2.184937311314743624e+01
-2.120906824918726841e+01
-2.138320902323587447e+01
-2.141656540418712495e+01
-2.113110784097662886e+01
-2.126852181994917856e+01
-2.148504252830436201e+01
-2.081644229507960375e+01
-2.110930228558559918e+01
-2.076324557509422064e+01
-2.061350528661071735e+01
-2.050526466052001240e+01
-1.987725890298862197e+01
-2.485245941536680903e+01
-2.386693803418370408e+01
-2.276712491881934852e+01
-2.294311996753059901e+01
-2.271121089441269802e+01
-2.221465554002310228e+01
-2.144843986626042209e+01
-2.163146386337189142e+01
-2.131900162213417360e+01
-2.111132285215628812e+01
-2.085965081424402712e+01
-2.064559043721524745e+01
-2.012712329952512746e+01
-2.499209266972292554e+01
-2.249251614979551661e+01
-2.272943224077242164e+01
-2.108034403762604825e+01
-2.112205071276186530e+01
-2.090108362877740333e+01
-2.426913338910039641e+01
-2.364141548251777891e+01
-2.266866067964279097e+01
-2.234294858701290920e+01
-2.210067618688379554e+01
-2.137354399880689471e+01
-2.110837032417891734e+01
-2.079214981338368773e+01
-2.093141146557979937e+01
-2.407374641675208338e+01
-2.385904966850740649e+01
-2.316145187468479705e+01
-2.252337807803522907e+01
-2.210485207420145670e+01
-2.189742697347463718e+01
-2.149832853633811780e+01
-2.168261179860434495e+01
-2.116764705448004236e+01
-2.136715893494361040e+01
-2.055350139116520225e+01
-2.059384707044342022e+01
-2.076045334124757602e+01
-2.504616332279260149e+01
-2.148852255870373895e+01
-2.142518119370506469e+01
-2.086951339788814863e+01
-2.485975008497993599e+01
-2.289930703003603440e+01
-2.219693425520456032e+01
-2.120417288946431711e+01
-2.061016315498991602e+01
-1.984832094747885378e+01
-2.508619950501701013e+01
-2.159499327794832624e+01
-2.120915769575267973e+01
-2.117368293449811034e+01
-2.099310592373974060e+01
-2.079657455556302281e+01
-2.040890331991449713e+01
-1.984730956422653492e+01
-2.485123726309672776e+01
-2.275000738857011839e+01
-2.219443557666389211e+01
-2.147101306806012033e+01
-2.156293472444050607e+01
-2.094403609619988416e+01
-2.122239444492366545e+01
-2.069063681095835250e+01
-2.479727801012187882e+01
-2.293731044423282839e+01
-2.196881512820044335e+01
-2.102909565644149481e+01
-2.088713701587460037e+01
-2.025583042343950169e+01
-2.464492348866555460e+01
-2.309536196514730122e+01
-2.317848839730399391e+01
-2.218732793626343280e+01
-2.064815346586594202e+01
-2.095696253054731883e+01
-2.463281459180191035e+01
-2.250216968297514342e+01
-2.220195207421068062e+01
-2.122877495388210178e+01
-2.139756873235460333e+01
-2.117114909794211286e+01
-2.101312933679999873e+01
-2.100738218332696405e+01
-2.117844881460115758e+01
-2.055263635528430299e+01
-2.021761884646765495e+01
-1.992470177928441544e+01
-2.464361596110687458e+01
-2.225568659381112013e+01
-2.128343488754474322e+01
-2.129660088649329452e+01
-2.106234243305024734e+01
-2.077101228914238362e+01
-2.069280496152263638e+01
-2.485544131166034632e+01
-2.208934002149739584e+01
-2.178002059318348671e+01
-2.218571230228545588e+01
-2.119573897963871545e+01
-2.045669322570621063e+01
-2.469585666101098909e+01
-2.154248734844950874e+01
-2.112272663603360101e+01
-2.110816151567717114e+01
-2.036870029906206625e+01
-2.007284936983105084e+01
-2.432835094703277790e+01
-2.185666023521199008e+01
-2.245031344839845744e+01
-2.130517743246088358e+01
-2.127577753651245374e+01
-2.096115377206385944e+01
-2.046451569851364027e+01
-2.028432221733761764e+01
-2.370406010612056491e+01
-2.341626516995530949e+01
-2.262592510542264890e+01
-2.134664217504338168e+01
-2.064351394780818083e+01
-1.996385649853165845e+01
-2.023394232525393477e+01
-2.396917109354086151e+01
-2.299525754308521641e+01
-2.238758134103443354e+01
-2.166875342787293235e+01
-2.195032088395613812e+01
-2.162596971858589256e+01
-2.129602079090453515e+01
-2.099985518785966221e+01
-2.104626300751998969e+01
-2.466526086699860443e+01
-2.131017347864404599e+01
-2.080278893379612271e+01
-2.086665130889624464e+01
-2.426734806292110846e+01
-2.240046632534037840e+01
-2.223649698877753877e+01
-2.276405648635087431e+01
-2.173324702185066926e+01
-2.154481014935851135e+01
-2.441793755695562140e+01
-2.283294057343728056e+01
-2.182389085541543139e+01
-2.150773935703614370e+01
-2.403792541012285255e+01
-2.298986987923760950e+01
-2.174869544918559683e+01
-2.196605507374038524e+01
-2.103931748002325008e+01
-2.106905925778133692e+01
-2.114946285909572055e+01
-2.072768964680774673e+01
-2.445919349307077795e+01
-2.192189636824264554e+01
-2.108557938206941174e+01
-2.403861118495346716e+01
-2.324969676403889096e+01
-2.179328384840205146e+01
-2.111163102700757577e+01
-2.403109241034855970e+01
-2.283378656277747965e+01
-2.173485207621749282e+01
-2.049518717407880786e+01
-2.432641656065621305e+01
-2.098699874776294649e+01
-2.063268980799340824e+01
-2.022053171572399677e+01
-2.414443335516384792e+01
-2.301510947432118570e+01
-2.056889138191280608e+01
-2.430971480396272000e+01
-2.440897862922626871e+01
-2.179585359706685566e+01
-2.033056350290591041e+01
-2.412371335652969506e+01
-2.132739543537259763e+01
-2.148653681103461466e+01
-2.105887308940351232e+01
-2.381215259186845756e+01
-2.219469352093167913e+01
-2.189050195938981247e+01
-2.107266782957670515e+01
-2.405145821926468486e+01
-2.178332130002535294e+01
-2.409165603005882872e+01
-2.210881514527605773e+01
-2.067713229522841090e+01
-2.028719908370024427e+01
-2.424286343411406364e+01
-2.046940085634976469e+01
-2.386197511134011506e+01
-2.227588432222324855e+01
-2.136009000772398281e+01
-1.990484181104862316e+01
-2.424017685871146099e+01
-2.108358198670030959e+01
-2.406934856564306457e+01
-2.182351477145612861e+01
-2.096565523034145073e+01
-2.407118785570788333e+01
-2.211917076023896911e+01
-2.119494723567581218e+01
-2.163449802571856750e+01
-2.393403261086002942e+01
-2.202132801371572768e+01
-2.134400571221146947e+01
-2.132533370068409440e+01
-2.115142556646508609e+01
-2.414250192684319529e+01
-2.146817422668525666e+01
-2.101506664303152760e+01
-2.110970073691960636e+01
-2.063864552827426380e+01
-2.381893830993489303e+01
-2.283623621075949117e+01
-2.380530671799256481e+01
-2.246838748691344279e+01
-2.156000338285235784e+01
-2.070860825473929978e+01
-2.042159889145448659e+01
-2.277424322655535249e+01
-2.217610294731573717e+01
-2.180606862049963013e+01
-2.006886825997672119e+01
-2.019460247648256868e+01
-2.415729831709619191e+01
-2.411305207579506060e+01
-2.205482298686057518e+01
-2.144290212125703832e+01
-2.429361946154024920e+01
-2.178704232723660894e+01
-2.089685314630144219e+01
-2.136664223209295344e+01
-2.364213527553203065e+01
-2.292691818887957567e+01
-2.096418828567974657e+01
-2.351469060203427830e+01
-2.250589738002273776e+01
-2.122745607658109890e+01
-2.404702474821244707e+01
-2.157636327204226490e+01
-2.345372812578110100e+01
-2.206806631760238702e+01
-2.172303257599954662e+01
-2.171162315997456460e+01
-2.174529981709819282e+01
-2.111823925626377019e+01
-2.112623214335268784e+01
-2.046045446923881173e+01
-2.406699707867587179e+01
-2.179300249201020634e+01
-2.054102730728847703e+01
-2.392788104002786298e+01
-2.121973367755971651e+01
-2.107013225359330377e+01
-2.390684790171328444e+01
-2.130223739803320626e+01
-2.022480006590834023e+01
-2.314541477224666366e+01
-2.242937820946540484e+01
-2.201861333856164293e+01
-2.010781912876565514e+01
-2.378697435575330843e+01
-2.158074221553037120e+01
-2.069395649271179849e+01
-2.330328191060637977e+01
-2.275938413103449065e+01
-2.164107579892969113e+01
-2.183495522197757310e+01
-2.381480448742469491e+01
-2.157371390794078181e+01
-2.069368887906825449e+01
-2.389260522890015181e+01
-2.145449870427252392e+01
-2.119031355887886292e+01
-2.076085821019668387e+01
-2.069799705675682233e+01
-2.395072146319800765e+01
-2.082843701616100418e+01
-2.014427299020850626e+01
-2.384897811061634343e+01
-2.100126837398165947e+01
-2.329949992931965852e+01
-2.290483620717284907e+01
-2.146467799173218793e+01
-2.093640302242243934e+01
-2.333174799467223792e+01
-2.276401746890245903e+01
-2.190578852723603021e+01
-2.216653641422104215e+01
-2.366611234014184006e+01
-2.236552624923650967e+01
-2.364583049765991163e+01
-2.150242047025227521e+01
-2.383489283480454546e+01
-2.191134952624056709e+01
-2.376409186225599868e+01
-2.108069541742183617e+01
-2.088713347077967342e+01
-2.333710258247360514e+01
-2.266299849325780258e+01
-2.368407067417548717e+01
-2.148465134678337307e+01
-2.148162090216232301e+01
-2.320531158917220083e+01
-2.199523125065147511e+01
-2.188422678614151096e+01
-2.103190993205141623e+01
-2.140484757943006144e+01
-2.064922500393844729e+01
-2.336046332307351747e+01
-2.336046332307351747e+01
-2.205331131191363170e+01
-2.143122026300992289e+01
-2.383462772233131588e+01
-2.068033099835587763e+01
-2.128293215228056212e+01
-2.398238518229613803e+01
-2.130055215826137527e+01
-2.254812422986995202e+01
-2.310373367784747245e+01
-2.147229821391852056e+01
-2.342974205952951650e+01
-2.277935229875065204e+01
-2.373319896194005452e+01
-2.370714305291709678e+01
-2.179855348220007727e+01
-2.355849847555893462e+01
-2.226243519051921993e+01
-2.095980429004799106e+01
-2.329858497588498878e+01
-2.236241371524918975e+01
-2.169096703299867102e+01
-2.358562485593142810e+01
-2.221155543564580626e+01
-2.322326797097437634e+01
-2.132875384573275923e+01
-2.383992276836958268e+01
-2.154898575983393272e+01
-2.366278702040359150e+01
-2.161597273264712982e+01
-2.354312273753511064e+01
-2.091894799787637993e+01
-2.385636432807758212e+01
-2.000911708451184623e+01
-2.339378396035002439e+01
-2.191665801219483356e+01
-2.130231472343210797e+01
-2.292595694909393345e+01
-2.256120116069934056e+01
-2.216287581146537633e+01
-2.361351660281401266e+01
-2.186122550441500678e+01
-2.140756451854661435e+01
-2.292139877685077920e+01
-2.173847643124439344e+01
-2.185504701540742545e+01
-2.183606300075841133e+01
-2.128951757204071882e+01
-2.349118383382262820e+01
-2.135303137464290302e+01
-2.024035378754540915e+01
-2.332603883257824862e+01
-2.226410061115165107e+01
-2.183811216116563969e+01
-2.358347852662238253e+01
-2.193532247433377336e+01
-1.999268626935880633e+01
-2.352050173821349333e+01
-2.158818921534788515e+01
-2.337929427651283376e+01
-2.190440500985634742e+01
-2.319923218443579316e+01
-2.223878421203009736e+01
-2.133639690909640052e+01
-2.348822181326340797e+01
-2.150003354533841460e+01
-1.997065158492997483e+01
-2.350990341960016394e+01
-2.186660811940878801e+01
-2.102814046619039345e+01
-2.044435499286284497e+01
-2.370136402439172585e+01
-2.093259881490374852e+01
-2.300754536405566597e+01
-2.261323927348268370e+01
-2.124852754018525403e+01
-2.073494087486069049e+01
-2.370244503247740653e+01
-2.367718191036979292e+01
-2.310303225547344397e+01
-2.191057178897267477e+01
-2.069894967382144202e+01
-2.370138950457184279e+01
-2.309058758636296105e+01
-2.241651303332370659e+01
-2.147802014558513406e+01
-2.104541672056090817e+01
-2.059246218159463027e+01
-2.277462975499924980e+01
-2.255412325525184514e+01
-2.114875962674045340e+01
-2.131323298390712750e+01
-2.316095260205538153e+01
-2.161488376479420026e+01
-2.027311792870206375e+01
-2.326644439491197858e+01
-2.205877803888576238e+01
-2.034034072160182660e+01
-2.315841561634491441e+01
-2.189315208004716595e+01
-2.292515277610758417e+01
-2.270905062287631893e+01
-2.293116960507659385e+01
-2.145239368210087605e+01
-2.083318099498553266e+01
-2.283550491889040046e+01
-2.255760811935376964e+01
-2.353383703610417399e+01
-2.145235824577453343e+01
-2.302418695777463853e+01
-2.373168717878931488e+01
-2.177830002790696184e+01
-2.368656792085006302e+01
-2.370268857574174959e+01
-2.339587264218286577e+01
-2.153761157040156604e+01
-2.092819436250746179e+01
-2.356724670151027112e+01
-2.123361453056601889e+01
-2.040474693052697575e+01
-2.347288367864158332e+01
-2.358122610203879077e+01
-2.038601255384143940e+01
-2.353661040850510489e+01
-2.309627816997899430e+01
-2.164960493309199663e+01
-2.128389991308626605e+01
-2.352215408261579910e+01
-2.311264781667790658e+01
-2.248616585731421580e+01
-2.339865560733656835e+01
-2.121181795620731947e+01
-2.329680315568923277e+01
-2.220453145974940412e+01
-2.070036495986312985e+01
-2.313314313075493800e+01
-2.191867852322409504e+01
-2.169212114407458714e+01
-2.367120363077337331e+01
-2.309287464119710620e+01
-2.146886211778326725e+01
-2.161248264440717293e+01
-2.346675469191585606e+01
-2.194192961423038568e+01
-2.283509696101041087e+01
-2.200499403598851700e+01
-2.160732124635164553e+01
-2.278925570980276660e+01
-2.228168180723266900e+01
-2.331620891099426274e+01
-2.316285058690710486e+01
-2.194892453445090297e+01
-2.120944226353464401e+01
-2.022659039252077662e+01
-2.322640555917431016e+01
-2.184955885142700183e+01
-2.120926371991832582e+01
-2.104984237822610993e+01
-2.327774182230684374e+01
-2.106561957169190080e+01
-2.340612456943097541e+01
-2.339299292668361474e+01
-2.090290541457650875e+01
-2.297103008066628149e+01
-2.248743757247581598e+01
-2.133729442572167301e+01
-2.056678837617396383e+01
-2.261449933805530321e+01
-2.157970976897181714e+01
-2.304308509928259241e+01
-2.160253773305101888e+01
-2.102064493892287800e+01
-2.092240788918235950e+01
-2.103887964474433758e+01
-2.332658570970549761e+01
-2.161260943858654571e+01
-2.335298680404277150e+01
-2.104512125667736555e+01
-2.290560585073435007e+01
-2.242638225205260838e+01
-2.313808823205669185e+01
-2.131855258477354909e+01
-2.113530338475815640e+01
-2.332962674755825461e+01
-2.314044793681583201e+01
-2.187047303987111135e+01
-2.314617318707391647e+01
-2.186874336385282547e+01
-2.333504639095786004e+01
-2.338510613803529026e+01
-2.300407492548804456e+01
-2.198681521022328766e+01
-2.276288186910032607e+01
-2.211079076261236409e+01
-2.118803358048930008e+01
-2.356516196911668004e+01
-2.337081071434356261e+01
-2.355167799838228859e+01
-2.237492817194329575e+01
-2.232733901338378857e+01
-2.203525365838795480e+01
-2.325609125005901134e+01
-2.335970486069141572e+01
-2.097521216406243028e+01
-2.072475795933287657e+01
-2.015609137458432798e+01
-2.306279393984731030e+01
-2.153891766535635099e+01
-2.303595199592624709e+01
-2.138778274998188778e+01
-2.150248578193484406e+01
-2.285177412510747530e+01
-2.201927943136879051e+01
-2.063250104889450753e+01
-2.317130383876229160e+01
-2.112599461082503538e+01
-2.336250679674582287e+01
-2.324387447557913333e+01
-2.264551767563763107e+01
-2.171726519412110079e+01
-2.325665343861841450e+01
-2.113674274177517276e+01
-2.345100408851057594e+01
-2.109445066738325281e+01
-2.316067909108663159e+01
-2.157331073552716205e+01
-2.347289963400568880e+01
-1.986940898974863856e+01
-2.301007290876353295e+01
-2.204571367197571874e+01
-2.287500439142365138e+01
-2.178239608710066477e+01
-2.142072099277197950e+01
-2.315480853399181882e+01
-2.115347864088164798e+01
-2.062167132594370855e+01
-2.311145537039205067e+01
-2.134493273526546631e+01
-2.287135755798398407e+01
-2.225172307574136710e+01
-2.002461850742954397e+01
-2.305199917219691486e+01
-2.276285066593662521e+01
-2.119027672886583957e+01
-2.337283059765769622e+01
-2.103008803205095134e+01
-2.303134890070269236e+01
-2.314198101180231859e+01
-2.135268095015962331e+01
-2.075286062691778000e+01
-2.323659708507689814e+01
-2.335244902007998036e+01
-2.303300807448164278e+01
-2.120322121418411854e+01
-2.299640147658877964e+01
-2.255151519110444269e+01
-2.263486083660720638e+01
-2.318057163145644850e+01
-2.141136366701256577e+01
-2.227125231361328517e+01
-2.205966183237636358e+01
-2.271586785013855803e+01
-2.313589213807820144e+01
-2.299523193312437286e+01
-2.191492112478758969e+01
-2.278011115919974117e+01
-2.167011622779533653e+01
-2.306519588794208175e+01
-2.225629763814424678e+01
-2.315868558011427325e+01
-2.123149773890184733e+01
-2.060395361177478435e+01
-2.321574781495451134e+01
-2.130935255273824680e+01
-2.211044829316077198e+01
-2.321795395948397100e+01
-2.302685547220335849e+01
-2.163639049870917219e+01
-2.316738476309361161e+01
-2.090160868406553973e+01
-2.060026187006604204e+01
-2.289766560497844949e+01
-2.212775347230512679e+01
-2.074681458229173003e+01
-2.157995414680109647e+01
-2.282408021810086751e+01
-2.263601793579662669e+01
-2.222870729539012302e+01
-2.308999935880314425e+01
-2.261345736648586424e+01
-2.173995294960680269e+01
-2.308438526808422253e+01
-2.278368945306725379e+01
-2.188092697649583940e+01
-2.077309930402180171e+01
-2.321540276369760392e+01
-2.138374001196157437e+01
-2.268598711708878213e+01
-2.198234953416769955e+01
-2.266073587771771969e+01
-2.164894378363479177e+01
-2.085261576073781953e+01
-2.288553003771453476e+01
-2.122302081722137146e+01
-2.238093887137300797e+01
-2.237851788617319926e+01
-2.256741459316081944e+01
-2.236505870271991370e+01
-2.283725592593893694e+01
-2.125513555422991985e+01
-2.325195542683585614e+01
-2.310002601496788799e+01
-2.288690259914659464e+01
-2.281007857226113700e+01
-2.163875200853333070e+01
-2.126761024306211212e+01
-2.272886181220763291e+01
-2.201044509694774121e+01
-2.101243715390151579e+01
-2.263722456216300216e+01
-2.197864839465367837e+01
-2.205175058864732307e+01
-2.126890180300726740e+01
-2.261900153366215704e+01
-2.239528928351167636e+01
-2.143331499927459660e+01
-2.299942915864407311e+01
-2.294862314963708982e+01
-2.267202635272940014e+01
-2.217240199417162927e+01
-2.275385450426868061e+01
-2.195283551669000488e+01
-2.313160944367209026e+01
-2.300073517898319864e+01
-2.256551808074983612e+01
-2.204311228953624990e+01
-2.269357207768142004e+01
-2.289108617285877756e+01
-2.155043199301298529e+01
-2.321986257858344160e+01
-2.288733774898169671e+01
-2.280564606172962527e+01
-2.123549362300348875e+01
-2.055718669116480513e+01
-2.262371912760848502e+01
-2.151753556888539975e+01
-2.116320316190813244e+01
-2.281790687391852401e+01
-2.056653051078201599e+01
-2.030828456701093288e+01
-2.278104661716472989e+01
-2.092240112654578255e+01
-2.087441683439902107e+01
-2.299121807245531457e+01
-2.140425843302240239e+01
-2.288985571858829715e+01
-2.311796507850368698e+01
-2.277617493346184929e+01
-2.177496788788796778e+01
-2.320579817363488928e+01
-2.286991442063035862e+01
-2.295471242249185906e+01
-2.165132532030477108e+01
-2.222991762462190124e+01
-2.154228332069437357e+01
-2.105367351084768757e+01
-2.281935118833911602e+01
-2.120940289967007075e+01
-2.292676983175333305e+01
-2.337657851110757790e+01
-2.319554914806813883e+01
-2.280458586608769167e+01
-2.235231896726605783e+01
-2.192586153008382510e+01
-2.294290348362875420e+01
-2.293517173932518105e+01
-2.277002059506160947e+01
-2.254264688100326808e+01
-2.207172398454412132e+01
-2.307945418945881499e+01
-2.300398648787214739e+01
-2.285651111999951723e+01
-2.282134081867555864e+01
-2.164392113620370495e+01
-2.262446878745578260e+01
-2.107429888358148062e+01
-2.284149842452693946e+01
-2.102015725992550088e+01
-2.243315005320627264e+01
-2.112682077244583922e+01
-2.106857961879795482e+01
-2.319510304578416537e+01
-2.265680292070666368e+01
-2.306248453441784463e+01
-2.304771714832391538e+01
-2.288394513809649311e+01
-2.278572731340258173e+01
-2.142200230338201195e+01
-2.304522211833774747e+01
-2.299671511810642244e+01
-2.310873814061952913e+01
-2.297621505140291021e+01
-2.085014410718384426e+01
-2.258807422961914568e+01
-2.336018844274618189e+01
-2.280261685486646428e+01
-2.294314080999022565e+01
-2.309847286762139618e+01
-2.286778766373802796e+01
-2.269967465150810426e+01
-2.251234472635317019e+01
-2.303702427413119125e+01
-2.305511150845038060e+01
-2.244547419223970053e+01
-2.221780045032123496e+01
-2.293641433350745729e+01
-2.107377949913749760e+01
-2.265020473780370125e+01
-2.208155596221449102e+01
-2.264830023487054689e+01
-2.149883639083918752e+01
-2.095510707602791811e+01
-2.234098973822579381e+01
-2.211685612264129475e+01
-2.282089237358120215e+01
-2.112591210233836136e+01
-2.287856733071322424e+01
-2.229200635064249880e+01
-2.285668149488775924e+01
-2.231349283520297178e+01
-2.133410361716737924e+01
-2.285694224042924461e+01
-2.262703195947314683e+01
-2.195438815460142479e+01
-2.104844055358641342e+01
-2.299093239577417691e+01
-2.281464224532446394e+01
-2.263894364133351189e+01
-2.120829299535153112e+01
-2.259347816366137707e+01
-2.131569630394098169e+01
-2.286438090233849607e+01
-2.271594075428381032e+01
-2.198255842054252085e+01
-2.175692904704944297e+01
-2.155500945333773188e+01
-2.227682997360390971e+01
-2.126483799816156761e+01
-2.140643344828885830e+01
-2.247580038846089678e+01
-2.130976415299343074e+01
-2.282650913247843505e+01
-2.286018022750000256e+01
-2.269553750891071076e+01
-2.102106447373128972e+01
-2.220212687417836861e+01
-2.103166261285293359e+01
-2.308484046356169017e+01
-2.199082940457789093e+01
-2.192718238626921590e+01
-2.183929680669956497e+01
-2.299158496901594617e+01
-2.274581664756929200e+01
-2.069349984029698675e+01
-2.255364840825441064e+01
-2.273624993167197417e+01
-2.251271219227514209e+01
-2.110253820856380003e+01
-2.296499411442031757e+01
-2.279795029332257172e+01
-2.300874829482558681e+01
-2.235810915058197423e+01
-2.177908229098925830e+01
-2.278777946498088625e+01
-2.293077193173375150e+01
-2.272708951616506923e+01
-2.286646980483020641e+01
-2.232732860801756658e+01
-2.166975005398852261e+01
-2.110329252159190716e+01
-2.227108957894608920e+01
-2.232776798188869449e+01
-2.242357941798129772e+01
-2.268466689289295601e+01
-2.109592754127048408e+01
-2.278475099208992205e+01
-2.290722280083373263e+01
-2.080835575009639271e+01
-2.257903079316811557e+01
-2.250727564249410761e+01
-2.182690256901535975e+01
-2.271507735403719153e+01
-2.251604552625190081e+01
-2.098306216479466002e+01
-2.219849165872226493e+01
-2.026095442922871115e+01
-2.238976935805644075e+01
-2.272850453966919559e+01
-2.163410601319361959e+01
-2.262434636406143085e+01
-2.276689138005822599e+01
-2.113983040488320242e+01
-2.265717926950538441e+01
-2.103938073851431412e+01
-2.292122570617543786e+01
-2.260689895227007540e+01
-2.277256763296804110e+01
-2.287433246997011693e+01
-2.283251865216140430e+01
-2.279124070341404007e+01
-2.069464652686767181e+01
-2.269945710122880200e+01
-2.286171802973300871e+01
-2.273563360030552616e+01
-2.278345472353648304e+01
-2.232590135345487425e+01
-2.084888872438519769e+01
-2.256974981572369643e+01
-2.242699894994296983e+01
-2.062494117129283211e+01
-2.271466817598652810e+01
-2.190432207183486923e+01
-2.300689556782467093e+01
-2.230281995371374748e+01
-2.066626554204602328e+01
-2.248315343160083657e+01
-2.213371104196953354e+01
-2.169844198004031099e+01
-2.283892914040589162e+01
-2.261887806907406429e+01
-2.099121113730435795e+01
-2.248532340785097006e+01
-2.233975775112309492e+01
-2.169591310933948236e+01
-2.272783266215099118e+01
-2.147320413180832688e+01
-1.972153006393680030e+01
-2.243743687461826752e+01
-2.109242595776873586e+01
-2.261189189297978430e+01
-2.259916217263334204e+01
-2.229720476435655740e+01
-2.212165815173952765e+01
-2.141655541561330267e+01
-2.278125767464025131e+01
-2.293693420821611539e+01
-2.202911210740601433e+01
-2.227978806237310749e+01
-2.254909588464892067e+01
-2.309048794450584552e+01
-2.270881702656761547e+01
-2.032106410975595168e+01
-2.247225864731931821e+01
-2.162375682450820946e+01
-2.207985941200427504e+01
-2.141166189016993471e+01
-2.267162472498158365e+01
-2.087464795170627951e+01
-2.235285874512165449e+01
-2.224144516583838183e+01
-2.114431485004784150e+01
-2.088678589101179739e+01
-2.240394311919106940e+01
-2.245391684342300209e+01
-2.096760391531408274e+01
-2.213500091777591194e+01
-2.176913772046433238e+01
-2.238659442825030865e+01
-2.143135341845156461e+01
-2.269305884298562148e+01
-2.266219488394412807e+01
-2.253163288594561564e+01
-2.089161875553268288e+01
-2.242853235696481562e+01
-2.089930992222509332e+01
-2.264431552366890088e+01
-2.264278889773091663e+01
-2.105379845187217569e+01
-2.081591235069162948e+01
-2.249453533002332506e+01
-2.246942868292316575e+01
-2.052839111979254483e+01
-2.274618663409191655e+01
-2.160785394265056425e+01
-2.218675593397860979e+01
-2.266725097467362460e+01
-2.260932914107810987e+01
-2.208479228786164938e+01
-2.257143263322512894e+01
-2.247188895376005036e+01
-2.204274275406324790e+01
-2.254605550836784644e+01
-2.158957010667639409e+01
-2.271788800530953623e+01
-2.183178671799717208e+01
-2.137909828743166329e+01
-2.196871332561463674e+01
-2.261294123861620164e+01
-2.097737342388684212e+01
-2.255646264975623083e+01
-2.221351104854796432e+01
-2.193129070807359327e+01
-2.252300431383021362e+01
-2.058831322369142214e+01
-2.272890111954021819e+01
-2.167846649053246466e+01
-2.111181729723333333e+01
-2.273547216578820596e+01
-2.246416614073003259e+01
-2.233350631773868145e+01
-2.225242246303024629e+01
-2.269342220188104520e+01
-2.265715132972250245e+01
-2.193986662368836349e+01
-2.202586961481560479e+01
-2.240721723479580874e+01
-2.248077855448809004e+01
-2.099403431426503630e+01
-2.263786791423918743e+01
-2.135324248457492047e+01
-2.291100057212895180e+01
-2.260847607923011893e+01
-2.054766733180995075e+01
-2.247852463945968893e+01
-2.264702769073545596e+01
-2.265133230226047090e+01
-2.256089143731621860e+01
-2.262117995102323675e+01
-2.221264736625727920e+01
-2.128703302343722470e+01
-2.272016677662714557e+01
-2.220630932168930727e+01
-2.165254386066600034e+01
-2.262970673900784391e+01
-2.249012814741681865e+01
-2.227178208145114269e+01
-2.192701394601882470e+01
-2.196454006994520114e+01
-2.296653685211039786e+01
-2.166458003980315894e+01
-2.161641662170217515e+01
-2.200355928794007809e+01
-2.190966787116724035e+01
-2.237591007542369326e+01
-2.277195100277931061e+01
-2.254607885670057499e+01
-2.123708585864762455e+01
-2.226991404100831318e+01
-2.149015483390095582e+01
-2.202843430970762739e+01
-2.265725475234114228e+01
-2.249583301916881339e+01
-2.270878072466334885e+01
-2.059862771931750203e+01
-2.192043300519885207e+01
-2.236953977538812666e+01
-2.187848416258283990e+01
-2.253020835982211523e+01
-2.232268207035138374e+01
-2.194671670068985847e+01
-2.194194453255386179e+01
-2.262425828477341483e+01
-2.220426121267650643e+01
-2.226223457588608312e+01
-2.274719327740642427e+01
-2.242147225474160521e+01
-2.265372473130284448e+01
-2.208586064995523657e+01
-2.138259367834542957e+01
-2.276011843437648707e+01
-2.261939705046339100e+01
-2.215526278921591086e+01
-2.190641874417618951e+01
-2.208300202055522377e+01
-2.214925986864599849e+01
-2.266603911397860927e+01
-2.113875849505331317e+01
-2.075350432765408826e+01
-2.252368667848505268e+01
-2.252826903766763422e+01
-2.252681512503706074e+01
-2.235525352144862765e+01
-2.260750425163542232e+01
-2.206752048793206455e+01
-2.279158030221712039e+01
-2.252277013731474398e+01
-2.238220133227119035e+01
-2.242582677265597368e+01
-2.117966043785778041e+01
-2.277112882345154077e+01
-2.187648169777208551e+01
-2.155892709197382473e+01
-2.218927283113945492e+01
-2.270358406019028052e+01
-2.285006841875189920e+01
-2.255784734536590719e+01
-2.187142103638101176e+01
-2.145199613422349572e+01
-2.112989797136209447e+01
-2.247886300588794839e+01
-2.276288616780319174e+01
-2.236332518598382535e+01
-2.227763575488386749e+01
-2.107532928006794037e+01
-2.252476756648066214e+01
-2.264417572327385386e+01
-2.251079462517368412e+01
-2.210040745912099780e+01
-2.136213262677409475e+01
-2.238494316852838750e+01
-2.238325522422543656e+01
-2.263984922821818557e+01
-2.244579036144318351e+01
-2.256699142003244418e+01
-2.210083316405324538e+01
-2.242744915553891261e+01
-2.229378051223312696e+01
-2.236865663313802699e+01
-2.080826100943629697e+01
-2.212838619570757004e+01
-2.185259045854493820e+01
-2.218950661799746271e+01
-2.258475650778088806e+01
-2.271387176567723287e+01
-2.229730047450473762e+01
-2.218557419395973795e+01
-2.175669559130447084e+01
-2.174736638281878243e+01
-2.252098872474001823e+01
-2.241461060867944610e+01
-2.272999022300701455e+01
-2.272811225349940401e+01
-2.272129917314508418e+01
-2.226623855434145582e+01
-2.241668626071305681e+01
-2.095153570202138127e+01
-2.267757515199894058e+01
-2.214846712020158037e+01
-2.241278956642640807e+01
-2.230911498957983241e+01
-2.271639145943793636e+01
-2.226152760455817159e+01
-2.243836576605542632e+01
-2.226430522185773953e+01
-2.261793855067557857e+01
-2.202378149939504581e+01
-2.158157712473754231e+01
-2.204627143294256797e+01
-2.244238060947992608e+01
-2.249571993732192965e+01
-2.236215678397309148e+01
-2.168330916029430000e+01
-2.039146411649826263e+01
-2.243169485359513615e+01
-2.187911394861910708e+01
-2.122351420503461839e+01
-2.184615456816065659e+01
-2.242361993926176567e+01
-2.248434141557131483e+01
-2.239381510295715216e+01
-2.182752957313267217e+01
-2.222683923982605236e+01
-2.249962330236084895e+01
-2.231224460807717591e+01
-2.246563521260359764e+01
-2.273227982059158592e+01
-2.184448265194597028e+01
-2.212671444776703211e+01
-1.985966295093008327e+01
-2.231335156040125867e+01
-2.248570233269134988e+01
-2.232345776444955732e+01
-2.160061099605963975e+01
-2.221879767822026608e+01
-2.236640660127229907e+01
-2.228990290107084959e+01
-2.195857566421653218e+01
-2.249838734860924205e+01
-2.193612125694481207e+01
-2.171943391566653858e+01
-2.177705304018456900e+01
-2.223553468505243558e+01
-2.166613707012896484e+01
-2.164759553636840650e+01
-2.186990898957670737e+01
-2.234362477896389976e+01
-2.134246967529808714e+01
-2.218256475007065376e+01
-2.050010105522233061e+01
-2.229191737771266446e+01
-2.151975418552679287e+01
-2.235733747939266181e+01
-2.175894643099966785e+01
-2.224638246283965159e+01
-2.235486992201715495e+01
-2.235078978075963718e+01
-2.058106602899594861e+01
-2.229258918314104321e+01
-2.228299263214416470e+01
-2.269173097241223758e+01
-2.146534043140674797e+01
-2.230526248362028952e+01
-2.245584412716130629e+01
-2.199849185446161215e+01
-2.144528454778169646e+01
-2.165124887753521321e+01
-2.238281839186152666e+01
-2.285232542214356855e+01
-2.268457035046611381e+01
-2.234421619702435180e+01
-2.218196099843486380e+01
-2.256000926807813300e+01
-2.060601860520529272e+01
-2.231791317434727517e+01
-2.249867959466319434e+01
-2.246335527177203772e+01
-2.212781646193220553e+01
-2.083232703230767413e+01
-2.245602898857346830e+01
-2.252836259065666979e+01
-2.244027404193095521e+01
-2.025832502442710847e+01
-2.121954115766569160e+01
-2.223986686979066008e+01
-2.233202070655789839e+01
-2.211040557826519404e+01
-2.127767913372304065e+01
-2.252356324883060168e+01
-2.247890536648208126e+01
-2.203230645257029963e+01
-2.206468662419832683e+01
-2.259042108493280665e+01
-2.255839516414252088e+01
-2.204824757388268353e+01
-2.225448951574906786e+01
-2.148297246476286304e+01
-2.246885506040860747e+01
-2.237370930070898822e+01
-2.219781413967666595e+01
-2.219686148184105434e+01
-2.222083176137155291e+01
-2.220680605754622050e+01
-2.146880842058654082e+01
-2.240292750647100917e+01
-2.232234027792714670e+01
-2.221696554080034147e+01
-2.229816262348087719e+01
-2.224742290199709771e+01
-2.203651679252684659e+01
-2.116121499058327871e+01
-2.244929609445730989e+01
-2.122176388045739515e+01
-2.243448596910314308e+01
-2.228340974264710894e+01
-2.253539219890550882e+01
-2.258530776559534203e+01
-2.242998072056439440e+01
-2.161634833469437567e+01
-2.199692475712985029e+01
-2.222911149428198740e+01
-2.242217340637213852e+01
-2.210403811423210385e+01
-2.223648699926409833e+01
-2.213948371312097407e+01
-2.270725689791192181e+01
-2.241799033920954187e+01
-2.220557871334047917e+01
-2.240161615664864669e+01
-2.194060959703317337e+01
-2.196799797417323674e+01
-2.082562046076058238e+01
-2.204404455938375662e+01
-2.243696817821368938e+01
-2.035345506466087073e+01
-2.222618331769796995e+01
-2.231315666070242187e+01
-2.216838215304811754e+01
-2.240934811312895647e+01
-2.220762792524599405e+01
-2.248555192684072068e+01
-2.192009335306526197e+01
-2.232821447802306025e+01
-2.207408790613150984e+01
-2.244572852460004242e+01
-2.099433919312506802e+01
-2.244333811105531495e+01
-2.234546839458511158e+01
-2.206661823067561556e+01
-2.147770462396680102e+01
-2.251220982385955693e+01
-2.217679084042464410e+01
-2.200543508712967622e+01
-2.250060544795856643e+01
-2.175814017025956559e+01
-2.231479730065745315e+01
-2.262138944711464461e+01
-2.260676777099417123e+01
-2.235107020986845328e+01
-2.262556644474539524e+01
-2.242006249362896142e+01
-2.202136609061560435e+01
-2.261563546602522834e+01
-2.230070254309686106e+01
-2.181240846084004659e+01
-2.229065164033589852e+01
-2.205562761917897063e+01
-2.221519351936289866e+01
-2.212289446881380428e+01
-2.122788391995254642e+01
-2.232562177513153756e+01
-2.210942422750238734e+01
-2.223827426033839672e+01
-2.219202041417807436e+01
-2.154581809967453765e+01
-2.228868883973033022e+01
-2.181125089669392736e+01
-2.235417845337087783e+01
-2.225568517485184117e+01
-2.238426208727469202e+01
-2.214978822003730485e+01
-2.223607506242616338e+01
-2.196247843197508942e+01
-2.132332839660024604e+01
-2.162437828552042873e+01
-2.246031131176700768e+01
-2.212040817013431138e+01
-2.265281334194847318e+01
-2.141033714303472379e+01
-2.197356228130832534e+01
-2.124485718525080102e+01
-2.244198864719853148e+01
-2.213164610262572651e+01
-2.215921872093158385e+01
-2.133402147618638267e+01
-2.115731631018251591e+01
-2.206973514157250094e+01
-2.248104857946195878e+01
-2.246837834919594457e+01
-2.220150109204008615e+01
-2.135595921760907601e+01
-2.198605090841705589e+01
-2.210301124814452578e+01
-2.184987937076040510e+01
-2.202817720134564894e+01
-2.226746322804365974e+01
-2.200566942736678300e+01
-2.189275778216342516e+01
-2.233440003101997817e+01
-2.209699230753024679e+01
-2.246202597649410393e+01
-2.225919049081685586e+01
-2.209403271979024908e+01
-2.209911711726257622e+01
-2.140437997873367948e+01
-2.205778959704464626e+01
-2.086223815174128404e+01
-2.238165015363387056e+01
-2.221815340334791955e+01
-2.207579551524468187e+01
-2.148310159056104141e+01
-2.183863133511784582e+01
-2.201430051464115323e+01
-2.217449408514299236e+01
-2.216366750821190124e+01
-2.234624539005422150e+01
-2.209128890421312263e+01
-2.213525963397179197e+01
-2.240985494212345941e+01
-2.163771511877465059e+01
-2.119439881517744695e+01
-2.197558639395225555e+01
-2.195266084951394703e+01
-2.210464064055992139e+01
-2.240379549587688501e+01
-2.231867007717199414e+01
-2.213458133087672763e+01
-2.217523839269062336e+01
-2.188824467440679200e+01
-2.163294276528181825e+01
-2.149935978924354885e+01
-2.193172018421974201e+01
-2.221670008735509327e+01
-2.189001702988274189e+01
-2.229436581662947248e+01
-2.204420757045992474e+01
-2.196721274836918170e+01
-2.207664981276531790e+01
-2.170830028247813459e+01
-2.200509249312354854e+01
-2.211821844142867377e+01
-2.174731831948547267e+01
-2.185544421976202401e+01
-2.172600184687779645e+01
-2.197012808023310626e+01
-2.221404554044570290e+01
-2.203500344879528683e+01
-2.050208832935843617e+01
-2.205838181999255099e+01
-2.092907570043028898e+01
-2.220662743201409839e+01
-2.209040571014161003e+01
-2.254772916188495202e+01
-2.194249865434338886e+01
-2.185548499209681950e+01
-2.196422314361696948e+01
-2.232207924684469447e+01
-2.189267370181046246e+01
-2.159811848231636233e+01
-2.229318643898918495e+01
-2.261429709169660285e+01
-2.206423409291077675e+01
-2.217163683007005659e+01
-2.210293530161559517e+01
-2.210062722063805651e+01
-2.208425639685260577e+01
-2.191249035242410059e+01
-2.226761633212743874e+01
-2.222319190911581899e+01
-2.160734960612798261e+01
-2.212108929271553137e+01
-2.197848416605033961e+01
-2.228681854843286914e+01
-2.234947115079338431e+01
-2.216620569420827280e+01
-2.158770256762473139e+01
-2.211086291879703225e+01
-2.209909423833935094e+01
-2.215768945674262014e+01
-2.194068814950941970e+01
-2.144938789439382276e+01
-2.180814735724750619e+01
-2.181909119203169922e+01
-2.206888465328001914e+01
-2.206735137619422105e+01
-2.188506562427827618e+01
-2.207394924099511968e+01
-2.242294141370815908e+01
-2.185638526869351850e+01
-2.199509739668818042e+01
-2.212453607922790866e+01
-2.199990427671982474e+01
-2.225962202864741357e+01
-2.190707679778827455e+01
-2.186666251828029317e+01
-2.162697262310294732e+01
-2.219058302183595544e+01
-2.203314963905661727e+01
-2.200965639385061579e+01
-2.201051193875371226e+01
-2.206828225401907062e+01
-2.203313998684664199e+01
-2.204374792995564647e+01
-2.234089091583869546e+01
-2.223131116292270804e+01
-2.222609473784444134e+01
-2.222801635473366133e+01
-2.235794084838343565e+01
-2.175938944657089280e+01
-2.144711556743593306e+01
-2.215270698736874166e+01
-2.156191095983772854e+01
-2.058779272329356758e+01
-2.199378278220974181e+01
-2.204246922545197762e+01
-2.209550947931220932e+01
-2.238349932791560803e+01
-2.178804463279575998e+01
-2.161708413800052853e+01
-2.229688047070916213e+01
-2.053822316866067865e+01
-2.233415409393904838e+01
-2.215581720290934697e+01
-2.199358402262318535e+01
-2.216404815141233087e+01
-2.166055851207727656e+01
-2.169097369676411446e+01
-2.219776836633661787e+01
-2.151733601745849711e+01
-2.181647040121714554e+01
-2.218097114187914087e+01
-2.204345172267593966e+01
-2.217506150186577329e+01
-2.220993638349999699e+01
-2.178711861324221744e+01
-2.207182539710050406e+01
-2.183480146797990784e+01
-2.203918907372752756e+01
-2.219898226563923771e+01
-2.183348936155411479e+01
-2.205089088731981306e+01
-2.103396369775015273e+01
-2.181686328122550833e+01
-2.212048277034391575e+01
-2.188200570124594080e+01
-2.194953632459243309e+01
-2.192026754072537642e+01
-2.071724907877277388e+01
-2.145449932257849923e+01
-2.178774362887090277e+01
-2.203215384817688260e+01
-2.189432017763351013e+01
-2.177238332459499404e+01
-2.220937617199103187e+01
-2.175634212952874336e+01
-2.209569392453840919e+01
-2.226343277700240009e+01
-2.229375356785108409e+01
-2.238689185373232604e+01
-2.188063712547314310e+01
-2.199921832492304929e+01
-2.209825708463515781e+01
-2.184319041277889184e+01
-2.221106838408647022e+01
-2.188824832351819794e+01
-2.187393507177609209e+01
-2.221442133383903794e+01
-2.180405876046991054e+01
-2.214234279607033073e+01
-2.217443151611438878e+01
-2.214020597956550773e+01
-2.211769195334395022e+01
-2.193044337134886490e+01
-2.225500634496549068e+01
-2.226616372301504043e+01
-2.190556253902366279e+01
-2.193257416867638554e+01
-2.211522545952764318e+01
-2.173745777658393052e+01
-2.174963709707068205e+01
-2.188465248533367813e+01
-2.167736866964921205e+01
-2.226818785471031248e+01
-2.197303430106855515e+01
-2.209542142512924201e+01
-2.203675298294482587e+01
-2.181483995894264893e+01
-2.208896045486732618e+01
-2.216783662020634438e+01
-2.228914195000396958e+01
-2.198655532615613239e+01
-2.147681808281736338e+01
-2.213164835610241710e+01
-2.201763305170099372e+01
-2.160423646217974181e+01
-2.174766160931108061e+01
-2.186008302776880541e+01
-2.235885016618669852e+01
-2.141505826790232092e+01
-2.204695029967701458e+01
-2.186955669951203163e+01
-2.131164450510161146e+01
-2.199388933427574955e+01
-2.192137892938671584e+01
-2.070294022907041054e+01
-2.178286354428531624e+01
-2.197710166203443549e+01
-2.205330119614498940e+01
-2.208643914352939674e+01
-2.213143657513851537e+01
-2.196700713601168431e+01
-2.207991425931195195e+01
-2.203776451182537244e+01
-2.206573536530642343e+01
-2.208897244974193441e+01
-2.183471512970242401e+01
-2.130075334837681567e+01
-2.171541318552625910e+01
-2.188384297284465418e+01
-2.221495636004856777e+01
-2.180649040928924620e+01
-2.211530963456849008e+01
-2.209955015508022669e+01
-2.180291010871425783e+01
-2.163946642770693174e+01
-2.131848138313899454e+01
-2.184707828897861503e+01
-2.211911685492614055e+01
-2.176567285157097587e+01
-2.221923199616675504e+01
-2.193114594374563353e+01
-2.191264232880389073e+01
-2.239426876609221040e+01
-2.207416757466082302e+01
-2.177106558962131189e+01
-2.192952511549755812e+01
-2.188143784778760548e+01
-2.181644027602492741e+01
-2.165340351120480733e+01
-2.037295779472501067e+01
-2.212954150194095959e+01
-2.192429151509483987e+01
-2.171655676901978183e+01
-2.156419910212409974e+01
-2.192630637162538676e+01
-2.174623940360252661e+01
-2.156958945836678865e+01
-2.080651956099111288e+01
-2.181366384391385438e+01
-2.206260884117522991e+01
-2.164818798653523402e+01
-2.124837998016936425e+01
-2.183781447282769150e+01
-2.183261414955315161e+01
-2.177915180229265246e+01
-2.179512191408574751e+01
-2.203603948043789984e+01
-2.174031891447802778e+01
-2.196119961711437440e+01
-2.218684627016560285e+01
-2.200339281762030197e+01
-2.153465977713024415e+01
-2.193701206907858037e+01
-2.178397041572706172e+01
-2.216712224486533245e+01
-2.222582713176198865e+01
-2.145739913438088564e+01
-2.166757134909326155e+01
-2.173783753838133492e+01
-2.151367152814892592e+01
-2.194270541088173232e+01
-2.156476667038140249e+01
-2.195087113970578940e+01
-2.099277326450940961e+01
-2.163487690997921220e+01
-2.099729755719340218e+01
-2.209022050199654785e+01
-2.165418398188578664e+01
-2.040092788226746023e+01
-2.200074420928339336e+01
-2.230412745908531846e+01
-2.181796533242254910e+01
-2.130730622766965610e+01
-2.075151253834577147e+01
-2.172385355136784924e+01
-2.198595252836454961e+01
-2.171887493534163482e+01
-2.021514461893222858e+01
-2.152454323790040291e+01
-2.191739612185148189e+01
-2.175160702178306948e+01
-2.172693701149145795e+01
-2.218107120675528421e+01
-2.182130466124185375e+01
-2.186192477374300580e+01
-2.182193931337869941e+01
-2.215501346688877149e+01
-2.214068748665281205e+01
-2.094778719781580989e+01
-2.195232753627625399e+01
-2.208262751202316920e+01
-2.167036612045424704e+01
-2.158551455292273857e+01
-2.203407693958031288e+01
-2.201087393938680492e+01
-2.191484319446602669e+01
-2.173834552168764134e+01
-2.159521859778158870e+01
-2.229335309094935269e+01
-2.168405652318635646e+01
-2.176392519535937708e+01
-2.180216063333302401e+01
-2.206020100816243001e+01
-2.184576188454744283e+01
-2.199601037243212787e+01
-2.198337624176000560e+01
-2.191868634547614292e+01
-2.148249678318110512e+01
-2.176830222493202882e+01
-2.215393281929517144e+01
-2.149280005891352729e+01
-2.195691955405744267e+01
-2.178247169462157018e+01
-2.117999989606518341e+01
-2.180774514719246326e+01
-2.185142375464884879e+01
-2.177873457596666640e+01
-2.136907580450913358e+01
-2.180000328640102936e+01
-2.199680589538765219e+01
-2.203127528396653290e+01
-2.191832234945401581e+01
-2.175413486333677326e+01
-2.202709933728154823e+01
-2.180601431983465943e+01
-2.169000941267145066e+01
-2.192889563059245361e+01
-2.207547532928511202e+01
-2.179672916171027452e+01
-2.196454115223816572e+01
-2.219476944144560093e+01
-2.186324049386488966e+01
-2.198584739283131739e+01
-2.141880155455974588e+01
-2.185622187827496887e+01
-2.202885297370786333e+01
-2.189243637508076290e+01
-2.179064312942823278e+01
-2.166351622848539193e+01
-2.193283496118452547e+01
-2.188627734570673056e+01
-2.183521363644175040e+01
-2.211057291372699396e+01
-2.160577021402421138e+01
-2.151762097969062637e+01
-2.184562086664467984e+01
-2.198251044182535452e+01
-2.182834596918058168e+01
-2.185900776390833755e+01
-2.165113600886987300e+01
-2.203678517030986939e+01
-2.185622409911459840e+01
-2.179205867344182579e+01
-2.168399866699439471e+01
-2.151980914750771490e+01
-2.149724494494579830e+01
-2.152302191276553245e+01
-2.149111903401465540e+01
-2.168542655341068226e+01
-2.172347967672283886e+01
-2.203883899222152820e+01
-2.199212250063124330e+01
-2.177024831148744610e+01
-2.201824618418605795e+01
-2.214009135677830642e+01
-2.180484928786605536e+01
-2.178632144210410360e+01
-2.155800397999776408e+01
-2.151827463988868416e+01
-2.194610048852753437e+01
-2.173147115720184175e+01
-2.121462171883527859e+01
-2.197455037508657227e+01
-2.172330611035526005e+01
-2.206271711164202287e+01
-2.008757620243699193e+01
-2.154942933869721600e+01
-2.194315728256319886e+01
-2.198779631576007176e+01
-2.178949662948820887e+01
-2.188903815039095946e+01
-2.145371812137839740e+01
-2.148830153994206782e+01
-2.174067772543842381e+01
-2.161843920696390242e+01
-2.184603291523386304e+01
-2.216018173045947037e+01
-2.204205347678107785e+01
-2.171507073149343725e+01
-2.188170203754584620e+01
-2.175828974802595539e+01
-2.118362673267157703e+01
-2.198570343084018219e+01
-2.179921858370177290e+01
-2.158643045766466884e+01
-2.168226886504687911e+01
-2.168377401961354778e+01
-2.152065663034036902e+01
-2.183942875905458791e+01
-2.160482903336123073e+01
-2.198754930602501645e+01
-2.186544775086763792e+01
-2.183904448233486661e+01
-2.152960348166731563e+01
-2.146781784127455950e+01
-2.130343422186043512e+01
-2.165546581115432545e+01
-2.174358346559062838e+01
-2.200288810442670595e+01
-2.169411820587441042e+01
-2.155385710678745426e+01
-2.145374138616068649e+01
-2.171845919612556486e+01
-2.143070302536225569e+01
-2.155697870395702154e+01
-2.164754822990390082e+01
-2.166563069475930803e+01
-2.142720923742207972e+01
-2.188674966370486885e+01
-2.195596210741542720e+01
-2.133596466506852352e+01
-2.182554537937427952e+01
-2.184840462790938531e+01
-2.183234079574880937e+01
-2.171774019665727451e+01
-2.184437592359470059e+01
-2.200810541401152420e+01
-2.139047335211118650e+01
-2.181626881232287474e+01
-2.170483916305316185e+01
-2.181372113878711616e+01
-2.177900277854053002e+01
-2.166631371157408736e+01
-2.189953715453692951e+01
-2.142386979680108183e+01
-2.162760690243115747e+01
-2.187695611659311368e+01
-2.090666929313212918e+01
-2.171266506457858725e+01
-2.185629840920607236e+01
-2.182176413107917057e+01
-2.177599611194492368e+01
-2.180976629883780760e+01
-2.155566037130299861e+01
-2.162631401071643822e+01
-2.181962616518203291e+01
-2.168159571470611624e+01
-2.184838991595916724e+01
-2.182542473430994789e+01
-2.174463899079845675e+01
-2.136463938705147569e+01
-2.181414405019046754e+01
-2.139347456530071412e+01
-2.174309868832054704e+01
-2.165100218136440446e+01
-2.205959886977463924e+01
-2.182946602403416492e+01
-2.178357549495959233e+01
-2.131445278633874807e+01
-2.169349294951857132e+01
-2.146457397808111978e+01
-2.188302877299019755e+01
-2.181919672296735513e+01
-2.156434920858832882e+01
-2.160371869394628419e+01
-2.158898771975258057e+01
-2.187039033532600030e+01
-2.143577213006112459e+01
-2.160431316354838316e+01
-2.174750121319086560e+01
-2.173001068405860181e+01
-2.190760720633257463e+01
-2.190872478725682981e+01
-2.154507616078296195e+01
-2.175282794487769422e+01
-2.176340792295234294e+01
-2.146018371176222672e+01
-2.168319406636205215e+01
-2.176829287011280201e+01
-2.148599926470189558e+01
-2.121684605963852377e+01
-2.023103845316445160e+01
-2.144083646220607875e+01
-2.183378658115129411e+01
-2.133737556186160944e+01
-2.095600246620512763e+01
-2.163101357743858699e+01
-2.191907553215435200e+01
-2.117447544779553681e+01
-2.121205769023698551e+01
-2.173837218091361123e+01
-2.167037676369209009e+01
-2.180820860440932307e+01
-2.196099464661707401e+01
-2.165364297146939521e+01
-2.152937624269551620e+01
-2.140753223704690811e+01
-2.092525172733989791e+01
-2.193899801755769374e+01
-2.182671589802094303e+01
-2.133331061771578518e+01
-2.139830601863203796e+01
-2.161378996610835657e+01
-2.165125455160990597e+01
-2.176691599949337430e+01
-2.142559033137009550e+01
-2.174715796708220594e+01
-2.079504013018444653e+01
-2.144651827715899373e+01
-2.142909096993929907e+01
-2.162612588300798322e+01
-2.084181434445059367e+01
-2.146010153435056012e+01
-2.150090939609922103e+01
-2.148739242093682833e+01
-2.209626487573299869e+01
-2.167451736930745909e+01
-2.143383956491904030e+01
-2.206045319245121661e+01
-2.170875270720973305e+01
-2.193281012650148654e+01
-2.152544460852848474e+01
-2.193578639866832347e+01
-2.162877440360340842e+01
-2.153835267361509054e+01
-2.167682075335655156e+01
-2.163367244453510096e+01
-2.171387581936625466e+01
-2.195877184338686661e+01
-2.155955489894396848e+01
-2.143214001616480147e+01
-2.162653018008724715e+01
-2.180264469689887363e+01
-2.154034285675393789e+01
-2.133114850773452531e+01
-2.162694656479808231e+01
-2.155465035737898916e+01
-2.189255401235600118e+01
-2.136148393066692108e+01
-2.194387957114067333e+01
-2.190487032582326066e+01
-2.160791385463220493e+01
-2.163306446500433822e+01
-2.133829491066219930e+01
-2.133055407982212159e+01
-2.176792889581348334e+01
-2.171893183501747160e+01
-2.128756962934528474e+01
-2.141145952419940812e+01
-2.142737027263936156e+01
-2.157438781793686644e+01
-2.187092219846598340e+01
-2.150319567467873583e+01
-2.084374031562598617e+01
-2.172971436108283072e+01
-2.182693117677814598e+01
-2.132411491331831854e+01
-2.187342872827019846e+01
-2.151105923768061601e+01
-2.176019310079821167e+01
-2.145423985046264903e+01
-2.193699946161090608e+01
-2.181579583977736547e+01
-2.170198820675971874e+01
-2.073162667952485450e+01
-2.169203082769217161e+01
-2.148510276230549465e+01
-2.148606893495665560e+01
-2.169506299581495057e+01
-2.116053724511970557e+01
-2.157838666193848809e+01
-2.129575503080156551e+01
-2.173941965581920144e+01
-2.163185599065634079e+01
-2.157776512731391705e+01
-2.182451933684035694e+01
-2.126661512905758045e+01
-2.171826397258465136e+01
-2.174476791331419534e+01
-2.166367493852642667e+01
-2.179394196290836305e+01
-2.170595292899856332e+01
-2.139000758887398845e+01
-2.158324117535077136e+01
-2.167306342602207181e+01
-2.134616220722076463e+01
-2.142312287935681425e+01
-2.188508525403296900e+01
-2.160680677454690013e+01
-2.181252149054791545e+01
-2.154835940897808655e+01
-2.160552135673691154e+01
-2.119922313170678407e+01
-2.185271934845470554e+01
-2.137004329731818331e+01
-2.153860733966772756e+01
-2.152774955933850620e+01
-2.170837682528367552e+01
-2.159547927598007533e+01
-2.182123717952675079e+01
-2.146572602544023312e+01
-2.172009863839156907e+01
-2.141288942880117574e+01
-2.164131913851804967e+01
-2.148059559179579381e+01
-2.144386248773007964e+01
-2.139889697120037582e+01
-2.155072401903149171e+01
-2.136621522547122964e+01
-2.121966037357033485e+01
-2.143870413081096515e+01
-2.152091129297100025e+01
-2.182484548648681510e+01
-2.122147899921304415e+01
-2.169558801927215086e+01
-2.183785669446597666e+01
-2.083881911599827674e+01
-2.184349726117804025e+01
-2.151764699831387162e+01
-2.142154452001913256e+01
-2.181894719735032595e+01
-2.128874368344487777e+01
-2.178101118184714124e+01
-2.133598252638127946e+01
-2.185607366967176901e+01
-2.144844658131451354e+01
-2.144990003450339344e+01
-2.182216435514372321e+01
-2.127015673146841834e+01
-2.155718943921010222e+01
-2.166649195191892119e+01
-2.184131658407068244e+01
-2.161920642850277119e+01
-2.178175124365904836e+01
-2.126144155972226102e+01
-2.164439994701404402e+01
-2.164153275758881989e+01
-2.182492953614134734e+01
-2.184991201889436496e+01
-2.132015205881162245e+01
-2.161061408190157707e+01
-2.149587949951671817e+01
-2.136291279775261387e+01
-2.155694280850508449e+01
-2.154478511498814797e+01
-2.145853984300450179e+01
-2.150427251943977680e+01
-2.136904744202560735e+01
-2.154447805561794382e+01
-2.149410189703623786e+01
-2.177874200654723325e+01
-2.156160758609152595e+01
-2.180940455271883849e+01
-2.100503607138214335e+01
-2.118663876137756219e+01
-2.129863342318724051e+01
-2.175872667753041512e+01
-2.160051652060854721e+01
-2.139071238817743037e+01
-2.131200109323079062e+01
-2.187926874575628489e+01
-2.182919686787103331e+01
-2.168931006713072662e+01
-2.156998467538696218e+01
-2.168178731219214939e+01
-2.164632033593263571e+01
-2.140540212076883364e+01
-2.159377308810121932e+01
-2.173276602822969039e+01
-2.183163775701298093e+01
-2.163459859954020459e+01
-2.145238005288146255e+01
-2.173684822229919789e+01
-2.171540735080399287e+01
-2.160451620210894674e+01
-2.168994580011333895e+01
-2.149499648266463936e+01
-2.163506488889382595e+01
-2.120726006633839233e+01
-2.175335178377027034e+01
-2.140541091867549284e+01
-2.151893909423586138e+01
-2.130750454195703369e+01
-2.148382197998087761e+01
-2.162054314662781351e+01
-2.149090667492055218e+01
-2.174609373395950129e+01
-2.128035908762558392e+01
-2.174228578611401019e+01
-2.148238807490448465e+01
-2.126354026511834405e+01
-2.171270698514004494e+01
-2.185456959656952236e+01
-2.082468973853374905e+01
-2.138997615905982030e+01
-2.139019155642587577e+01
-2.147649191125029233e+01
-2.141556878334831993e+01
-2.158930112468191354e+01
-2.163617586539679394e+01
-2.136962063508632781e+01
-2.157471066799275050e+01
-2.156825005554561869e+01
-2.155882914336257983e+01
-2.167593629120262833e+01
-2.138521642417088486e+01
-2.153840200909743885e+01
-2.108582435911140607e+01
-2.160942912933256110e+01
-2.157195871641067342e+01
-2.162969590479006143e+01
-2.115566007690443939e+01
-2.161274840339357084e+01
-2.108745234241676769e+01
-2.140096017764649261e+01
-2.185560524874477295e+01
-2.162194096776198649e+01
-2.160723229497506637e+01
-2.176732694497082221e+01
-2.148123500098616034e+01
-2.144388933629889493e+01
-2.152716010395536728e+01
-2.139519245036770201e+01
-2.159658125297884723e+01
-2.115968979239842085e+01
-2.121969691104650479e+01
-2.161451320488411909e+01
-2.151560842361347170e+01
-2.121989262659159792e+01
-2.161313986782415952e+01
-2.156899758709205273e+01
-2.170279700859652294e+01
-2.141337386536508092e+01
-2.146934746875438549e+01
-2.148022913161313951e+01
-2.148028673503073094e+01
-2.148074008920451661e+01
-2.139194522748536542e+01
-2.143613315224029492e+01
-2.177035712640068965e+01
-2.112019616565267199e+01
-2.111319336681150105e+01
-2.157605716599331203e+01
-2.145843647176049274e+01
-2.142873772861301163e+01
-2.130209852571742957e+01
-2.163818706763933619e+01
-2.144732048333937868e+01
-2.161103779190536045e+01
-2.092867887580067432e+01
-2.142062952205197490e+01
-2.145617882540096488e+01
-2.157449688467750804e+01
-2.144613551984806676e+01
-2.130226535532177223e+01
-2.136592068884878870e+01
-2.150696479891969659e+01
-2.127464526631076680e+01
-2.167245202486774502e+01
-2.172273994443574097e+01
-2.104470613741795404e+01
-2.156032997713436217e+01
-2.170814855124892873e+01
-2.126419352506664850e+01
-2.149716053175858832e+01
-2.103598404070701378e+01
-2.165024131085968051e+01
-2.160902484808494251e+01
-2.125082454146711086e+01
-2.149419656299884451e+01
-2.107426930895204009e+01
-2.147781489146438005e+01
-2.107910575458679503e+01
-2.130194689841313505e+01
-2.139239745926990466e+01
-2.147062959113650749e+01
-2.146093851798941543e+01
-2.149019049381102064e+01
-2.201520789470306028e+01
-2.157173895132281771e+01
-2.132287109437366368e+01
-2.147841711022382682e+01
-2.136223017039552374e+01
-2.137862834712554516e+01
-2.159065224125824400e+01
-2.133115675080397722e+01
-2.165202945475809315e+01
-2.117007755103276878e+01
-2.137067588023147380e+01
-2.120787000905972519e+01
-2.153150677356411435e+01
-2.064973063164835310e+01
-2.164565562723833736e+01
-2.110091643564979336e+01
-2.148088625707460864e+01
-2.156221783225053912e+01
-2.156684120507819813e+01
-2.169088209127086131e+01
-2.151637065108947056e+01
-2.112324318047588889e+01
-2.127674652185863380e+01
-2.141808937745241082e+01
-2.128795158307801927e+01
-2.176141680929496403e+01
-2.135470968410736958e+01
-2.105560977747898121e+01
-2.158127292546634379e+01
-2.150579095493097626e+01
-2.133511864024579552e+01
-2.146510251890996912e+01
-2.123035745581499256e+01
-2.102856150881211406e+01
-2.101411581449215404e+01
-2.131923121872209848e+01
-2.168818038447857433e+01
-2.137152722733441834e+01
-2.116338119613049429e+01
-2.162038872445327087e+01
-2.149317017738670188e+01
-2.148518968093172532e+01
-2.163134555661444480e+01
-2.129018531672745951e+01
-2.110861990609122429e+01
-2.136329443515577253e+01
-2.144633538782974114e+01
-2.135684450288059821e+01
-2.102199008477318287e+01
-2.131053824527703711e+01
-2.169353899050688028e+01
-2.133874755223594377e+01
-2.156265783000495162e+01
-2.137268969872848245e+01
-2.122790540292112027e+01
-2.142258610489398052e+01
-2.103594767628431939e+01
-2.142294402645629248e+01
-2.134412194139963503e+01
-2.102163143158866276e+01
-2.120916211363296355e+01
-2.138595680884808914e+01
-2.136703134044839203e+01
-2.050857248248408382e+01
-2.161817696458134108e+01
-2.117478109125246988e+01
-2.150493296459831072e+01
-2.127407814054081214e+01
-2.110461440330300320e+01
-2.127382988419385512e+01
-2.130448370708619166e+01
-2.132589646893640634e+01
-2.133927508629018988e+01
-2.120077334739828956e+01
-2.117123313547307717e+01
-2.128231072382484612e+01
-2.137435908556965813e+01
-2.142292429354883154e+01
-2.150979732964227864e+01
-2.164355807120593411e+01
-2.148371027447743842e+01
-2.124669417573727870e+01
-2.100253310174556276e+01
-2.112302294913122225e+01
-2.153591493151822078e+01
-2.140297881987903850e+01
-2.131370703336796169e+01
-2.107442077169735484e+01
-2.177606554522229487e+01
-2.098863123430788846e+01
-2.142145324613882096e+01
-2.157464192093318189e+01
-2.126841137320690223e+01
-2.135883630854021220e+01
-2.160661469845867799e+01
-2.145234560736435725e+01
-2.145362320085059693e+01
-2.085068089875095154e+01
-2.122894126115699009e+01
-2.127027608563101424e+01
-2.140288746309862944e+01
-2.130564082821705441e+01
-2.146421358988832750e+01
-2.122832393126663675e+01
-2.100357411571179256e+01
-2.112317162067553866e+01
-2.108847709328640718e+01
-2.130306826875149184e+01
-2.140423460147396639e+01
-2.150637962709470230e+01
-2.117219617288807498e+01
-2.132621723396656677e+01
-2.118068859917936209e+01
-2.139257002516083261e+01
-2.079217678370223865e+01
-2.132236883795852478e+01
-2.098691895169890032e+01
-2.137445879845555297e+01
-2.130047349589774441e+01
-2.146248964569771545e+01
-2.150598344056406575e+01
-2.101278771197228323e+01
-2.125931821582296521e+01
-2.118763843977581374e+01
-2.124071229393458182e+01
-2.125270329700265037e+01
-2.104703052745026781e+01
-2.103048821883477260e+01
-2.154549893703450536e+01
-2.153497444815996076e+01
-2.141366511695010288e+01
-2.116471334295266260e+01
-2.119609486434452350e+01
-2.103572409923394559e+01
-2.098744983237337181e+01
-2.113312118831913011e+01
-2.128264897162632607e+01
-2.056503674063201004e+01
-2.158577417424610800e+01
-2.113714781523985309e+01
-2.121011572241053500e+01
-2.142879914261650853e+01
-2.135652508212604772e+01
-2.088028100428267209e+01
-2.130024567064981511e+01
-2.114587451915165772e+01
-2.062106899724700781e+01
-2.130040979230732034e+01
-2.075900577827412974e+01
-2.122843685677195680e+01
-2.114025357072837963e+01
-2.086361459626728276e+01
-2.133213120849942612e+01
-2.083428051005013515e+01
-2.159950585413292146e+01
-2.109959407085833050e+01
-2.128111228035758984e+01
-2.132819998902089864e+01
-2.105277641106197350e+01
-2.143019755497835632e+01
-2.150217717332403211e+01
-2.149799973507677464e+01
-2.123684176612172791e+01
-2.102947270506735578e+01
-2.130021979944939403e+01
-2.084262492428042535e+01
-2.132336272313218473e+01
-2.129778972155009953e+01
-2.093543566696746439e+01
-2.116363905951603641e+01
-2.076381890712549350e+01
-2.119536633687320659e+01
-2.107430669395745682e+01
-2.121567163193699201e+01
-2.093833425633669165e+01
-2.139277993462339111e+01
-2.106517876609301965e+01
-2.117058587060450847e+01
-2.068431642186780550e+01
-2.095717760939525220e+01
-2.150329546243649759e+01
-2.124611023375945962e+01
-2.158520630213939029e+01
-2.122536861916296047e+01
-2.086185753576040014e+01
-2.122994586977784692e+01
-2.102126316842855402e+01
-2.115770167264268409e+01
-2.119044927497311193e+01
-2.128221551150049251e+01
-2.095919024551236021e+01
-2.083113946731665678e+01
-2.135560445428825105e+01
-2.090122371638072707e+01
-2.133155095967789450e+01
-2.136456489777799561e+01
-2.137823654160047226e+01
-2.123238687533732261e+01
-2.129270644875860086e+01
-2.120042844723771935e+01
-2.114146210868150177e+01
-2.107567308346551016e+01
-2.154596963212548744e+01
-2.115440244535178493e+01
-2.104467872169762543e+01
-2.121948711085705241e+01
-2.094462010333489843e+01
-2.097674274066496380e+01
-2.106248368058926701e+01
-2.097376077939196293e+01
-2.096890254882947957e+01
-2.129455149847250439e+01
-2.132720051291945040e+01
-2.139149221753469732e+01
-2.105862444741134709e+01
-2.107264576914275978e+01
-2.141579217052570527e+01
-2.121527663657595753e+01
-2.124034867368611046e+01
-2.139155872323997798e+01
-2.111368247554177202e+01
-2.109092460546238357e+01
-2.102720863001098195e+01
-2.122638942986454325e+01
-2.108239765399359911e+01
-2.119923314372806189e+01
-2.072669351441738428e+01
-2.089432274901774989e+01
-2.139155551271330324e+01
-2.125750507300726255e+01
-2.135135543032638239e+01
-2.110843521249141830e+01
-2.063957247587845956e+01
-2.087521651659190525e+01
-2.101304233899304919e+01
-2.106802200812908765e+01
-2.119142520557976184e+01
-2.149684231827160374e+01
-2.104144603285105575e+01
-2.113491496794769375e+01
-2.117627678271692915e+01
-2.113349869635450773e+01
-2.096898397009288573e+01
-2.118264995883358282e+01
-2.102319035168772743e+01
-2.116569185893168381e+01
-2.122036258356369487e+01
-2.115368935510690207e+01
-2.099901002310694764e+01
-2.106162881662041286e+01
-2.121967396012838947e+01
-2.080895998975685401e+01
-2.111357448086913635e+01
-2.096940683696558949e+01
-2.060352639918869500e+01
-2.125211363885770410e+01
-2.125709490175059102e+01
-2.135096862020920128e+01
-2.103440980140974048e+01
-2.096008354346447433e+01
-2.113713605450063682e+01
-2.077244834665705042e+01
-2.107945692390537928e+01
-2.110461525671180638e+01
-2.116341272503434823e+01
-2.123766485838147844e+01
-2.135218468980048812e+01
-2.114786348225160140e+01
-2.113230371878608693e+01
-2.092435871459472096e+01
-2.104501650002152857e+01
-2.074992853983588859e+01
-2.105788691085017561e+01
-2.115909997203822002e+01
-2.102370011647231252e+01
-2.096847319727227443e+01
-2.104844972054282692e+01
-2.131532504289098995e+01
-2.041300238925074240e+01
-2.088674051910573226e+01
-2.095796150436007110e+01
-2.129774300462472070e+01
-2.085920456625708042e+01
-2.100519647740228990e+01
-2.115419439696609771e+01
-2.089882099207597221e+01
-2.103749735659801345e+01
-2.081732207032922588e+01
-2.099457872797810865e+01
-2.101933311221989698e+01
-2.096311550400278989e+01
-2.100796052711349660e+01
-2.105919856143746927e+01
-2.083216548218470265e+01
-2.075955133254773699e+01
-2.091514817844822360e+01
-2.096290830782666603e+01
-2.112386076447355165e+01
-2.092145262813625806e+01
-2.085905809447515935e+01
-2.131665187693152319e+01
-2.100050790906536236e+01
-2.105081992527417256e+01
-2.106075604055860850e+01
-2.106345789447298955e+01
-2.102010680105050611e+01
-2.095970579318331062e+01
-2.089909100856776547e+01
-2.095436002637490347e+01
-2.107728457971800395e+01
-2.096170810649270067e+01
-2.036042387496792472e+01
-2.117532479587791627e+01
-2.078311838118425925e+01
-2.109760565223842121e+01
-2.062758334735165633e+01
-2.118475023731964413e+01
-2.101760850894291721e+01
-2.088598644209094957e+01
-2.107121571901332047e+01
-2.076017924268800741e+01
-2.088163561646591049e+01
-2.071784270577620291e+01
-2.089450555150414246e+01
-2.079696130720200031e+01
-2.060332214138624707e+01
-2.084176183530591331e+01
-2.087507640649113583e+01
-2.078114735481785758e+01
-2.087729295903578475e+01
-2.084140344422378632e+01
-2.100085013254878419e+01
-2.058071654797018724e+01
-2.081273226575629920e+01
-2.084008433807144911e+01
-2.094179438842149565e+01
-2.095147733239849330e+01
-2.122297559090164754e+01
-2.093489159954117795e+01
-2.127017138584749745e+01
-2.088911337574523230e+01
-2.061196109219005379e+01
-2.037484570930222461e+01
-2.068349615631096228e+01
-2.060760424818423431e+01
-2.112268827977250396e+01
-2.124876573179397354e+01
-2.047532942342089868e+01
-2.092713434453463961e+01
-2.065354004835216628e+01
-2.069550369522818301e+01
-2.065237109542741223e+01
-2.073466481801053263e+01
-2.071326889055809062e+01
-2.093537552770155941e+01
-2.078209937510312599e+01
-2.054607499303671148e+01
-2.047083725162927692e+01
-2.063844698561994306e+01
-2.075125531646674659e+01
-2.070664927057003979e+01
-2.049265053268158709e+01
-2.068978654460260813e+01
-2.086991231520094914e+01
-2.076074857309624377e+01
-2.050164295407310533e+01
-2.060336019298446075e+01
-2.042286254455439121e+01
-2.066742308544666074e+01
-2.061816434282264865e+01
-2.069869941211982933e+01
-2.042056109417009679e+01
-2.050623052965188009e+01
-2.052785182011295007e+01
-2.082069783735757795e+01
-2.042100944115188099e+01
-2.042024168322702593e+01
-2.068753215574432147e+01
-2.035620781577869920e+01
-2.050164488732673007e+01
-2.085451344269456087e+01
-2.007034073577288424e+01
-2.068458547579532336e+01
-2.041519872769229949e+01
-1.999473829406375103e+01
-2.072270964705454332e+01
-2.037873321386504699e+01
-1.968570981144610954e+01
-1.976315350582619246e+01
-2.042774722627282458e+01
