8.161076166413506527e+00
8.483508924984340283e+00
7.639696597290615898e+00
8.157676782126181081e+00
7.736135713608203623e+00
7.928281534288119659e+00
8.182029023354365549e+00
8.257760533695746474e+00
8.099207379045431310e+00
8.088269199058187198e+00
7.923517848540956088e+00
8.181025679899065040e+00
8.418268138225728947e+00
7.770809365964344906e+00
8.382977936001699604e+00
8.038583866423145707e+00
8.237733396704587818e+00
7.692167377019300645e+00
7.727111531976663450e+00
8.348543086962306958e+00
8.363626656227495459e+00
8.401572814768350383e+00
7.993582493457234150e+00
8.019340673797280772e+00
7.861506195510196804e+00
8.154688882064908384e+00
8.349905579780401155e+00
8.465248336594981993e+00
8.054556712243078564e+00
8.259832759210754105e+00
7.936401090701556527e+00
8.172610116880115072e+00
8.112476999951901746e+00
8.321917883531103399e+00
7.889109788534391043e+00
8.380564707094071863e+00
8.067280061262849244e+00
8.256034464998757372e+00
8.484944875649818030e+00
8.138125530824568798e+00
7.897128674851328078e+00
8.232118753684158463e+00
8.285756568529183852e+00
7.856537010191274817e+00
8.167134861754965058e+00
7.656030059042221225e+00
8.283190609967313378e+00
8.469060606852691464e+00
8.252985044225198408e+00
7.768408589271447617e+00
8.489064698543906218e+00
8.327937326368465065e+00
8.483393845067991990e+00
8.442537179420716242e+00
8.370300672499137562e+00
8.482942799199953754e+00
8.025499647666137548e+00
8.233262632984891027e+00
7.915371529235032177e+00
8.277336496032393853e+00
8.282080263082782778e+00
8.279243642653717927e+00
7.656186808257605669e+00
8.389889520407301404e+00
8.363647458158361303e+00
8.241120031298224902e+00
8.282053869803187141e+00
8.045237547941649581e+00
7.763568909774669180e+00
8.452034985148131341e+00
7.775162193942252387e+00
7.619946838125359001e+00
8.422243134948958598e+00
7.887398360715462964e+00
8.419375229070400479e+00
7.800962636267029460e+00
8.399124255601922329e+00
7.521571787527091324e+00
8.022078218510515057e+00
7.765949739486345926e+00
8.327435818846675275e+00
8.066419399155456915e+00
8.322328086894259513e+00
7.580328589286398078e+00
8.282341943245253191e+00
7.923986810801330272e+00
7.858447643856691478e+00
8.073331965304383573e+00
7.671763463166784369e+00
8.428324349979334329e+00
8.044923236870882732e+00
8.333124553801345868e+00
7.581393961828676531e+00
8.173171212617193149e+00
8.120046567862114983e+00
8.292855915410218159e+00
7.876311319320699944e+00
8.459042639334551694e+00
8.096513990893193125e+00
8.462183126810739253e+00
8.027174362273115094e+00
7.593491359325098777e+00
7.646998669642236734e+00
8.311458629189770519e+00
8.037068575376368429e+00
8.173289566357070157e+00
8.040258876934265331e+00
8.171077311932281262e+00
8.106651943706822294e+00
8.408506816660182182e+00
8.286718081410011649e+00
7.844333449129664793e+00
7.679626421961550875e+00
8.360184493398580940e+00
7.964477199238476857e+00
8.309126162551754291e+00
8.038571407472282715e+00
7.872105777195492315e+00
7.655981742290085101e+00
8.012896389573077371e+00
7.944861719386335785e+00
7.726003156932240046e+00
8.218597055511633442e+00
7.910553543210524730e+00
7.726933234888047508e+00
8.056711312606719133e+00
7.926736248741794277e+00
7.871497564329152929e+00
8.011469807073311244e+00
7.942484032501861080e+00
8.108519729242624763e+00
7.733028480149811479e+00
7.661252516308494798e+00
7.963308302350731616e+00
7.939885893479272205e+00
7.554240783280802951e+00
7.831723222383020655e+00
8.316468896449343617e+00
7.779499700465874135e+00
7.687469975550077272e+00
8.191301367484063789e+00
8.243403735049085412e+00
8.141319437566711059e+00
7.736810279772210031e+00
7.580953916121385028e+00
7.746224417638811310e+00
7.669929450183756714e+00
8.385121785293121022e+00
7.784465400792365486e+00
7.888522224838684593e+00
7.873430713525138458e+00
7.820370597634577869e+00
8.313916735373927835e+00
8.200221030643733755e+00
7.730042156826690380e+00
8.140396482232343800e+00
7.944610891820508947e+00
8.151131935990761690e+00
8.336239167321000565e+00
8.368456721535030951e+00
7.863328696034953325e+00
8.220707888679982034e+00
8.182890004371934367e+00
8.450913686127332625e+00
8.083233970647224709e+00
7.741564650336286491e+00
7.667978956721102968e+00
8.052177787975546508e+00
7.782638414769356139e+00
7.945669719695613864e+00
8.422567242390224251e+00
8.028631625746704970e+00
8.133810195550935873e+00
7.778295756320219745e+00
8.476960723577009915e+00
8.036520599433609746e+00
8.256777781230661972e+00
8.126707184703338527e+00
8.341048071512945583e+00
7.983037541101106527e+00
8.145374905596423076e+00
8.122915921890097479e+00
7.692241129367465291e+00
7.674881860262232181e+00
7.870686359686891009e+00
7.684468012390914815e+00
8.251856710309430909e+00
7.729686029608318520e+00
8.277171751165678160e+00
7.814529348627871741e+00
8.177507389499906409e+00
7.757157182723118716e+00
7.644709103936607519e+00
7.722133354234952840e+00
8.266094489025237024e+00
7.748728088740021391e+00
8.086378116232502578e+00
7.524930625364337544e+00
8.121975634041485037e+00
8.200840857061205469e+00
8.233853972566082646e+00
8.408322940215890995e+00
7.690853419028043980e+00
7.676513121224661340e+00
7.709744920966527637e+00
7.984526671187824221e+00
7.589218126202987413e+00
8.090673818299432440e+00
7.599514567026272260e+00
8.491056895296257068e+00
7.959516320582952886e+00
8.348965716640634582e+00
8.302673938645202867e+00
7.600166943396614805e+00
8.181661130301325358e+00
7.591299310948850021e+00
8.371495613388068691e+00
7.777094647040586395e+00
7.600488519295939938e+00
7.778079925300557917e+00
8.109911627858812366e+00
7.568372843983241616e+00
7.596309848831393374e+00
7.675729530009526513e+00
8.306741349531490570e+00
7.777044710535648164e+00
8.019298614881929410e+00
8.115407150425070881e+00
8.092553507796724332e+00
7.872728506454660824e+00
7.664118781479762887e+00
7.916982903962569651e+00
8.299858638263536648e+00
7.827612742077835861e+00
8.318409939716760348e+00
8.183567929707065147e+00
7.957825371614688059e+00
7.951642982614272270e+00
7.811680319541867590e+00
8.220609577387513411e+00
7.969460880088303334e+00
8.049866763482137699e+00
7.995496177881183719e+00
7.627188580161421427e+00
8.308931060440302829e+00
7.933178037811960515e+00
7.698762289797857150e+00
7.596091076397704533e+00
7.888915700057493652e+00
7.518762475707395865e+00
8.252707485952859301e+00
7.961687926243918412e+00
7.992378523740374163e+00
7.794187515235241115e+00
7.969971479204659204e+00
7.758048884445340576e+00
8.165322019525520503e+00
7.687517797932985175e+00
7.845068998648285330e+00
8.323372213357306038e+00
7.763996034201673169e+00
8.256048248327214623e+00
7.972163077906359696e+00
8.200892437706265525e+00
8.072049903767780421e+00
7.667867591186375620e+00
7.942327855299371464e+00
7.521526250702604166e+00
7.974851061984583822e+00
7.955709974657433570e+00
8.128556973721403622e+00
7.882648941525238762e+00
8.284194858095906611e+00
7.698716326687332412e+00
8.218148969250153257e+00
7.950546522731584353e+00
7.759704813282018776e+00
7.794482406616998205e+00
8.108914906599808958e+00
8.068101416654132052e+00
7.897044653815005866e+00
7.992275843688559256e+00
7.754792229267034820e+00
7.776703406533269636e+00
7.975359385057433137e+00
8.367262045321600894e+00
8.067415945961009527e+00
7.660276825114375576e+00
7.748476340312886457e+00
7.960869522949210797e+00
8.064482220857300376e+00
7.961702466447371229e+00
8.218113271416529031e+00
7.822139847521859757e+00
7.959485284346686562e+00
7.553897538908468157e+00
7.765986693293244869e+00
7.951378813160583370e+00
7.763964069660485912e+00
7.939604362613531308e+00
7.770868874406777316e+00
8.119112245534886085e+00
8.048152485074750118e+00
7.954445712725396689e+00
7.785972227884969676e+00
7.753011796481190210e+00
8.271019422120456710e+00
7.701251288416573360e+00
8.065443693208941056e+00
7.963087214538894898e+00
8.084480273368772174e+00
7.992962274843445236e+00
7.930820154405475719e+00
7.621274018318337617e+00
7.859982329932405420e+00
7.597361072458746811e+00
7.944927187508672439e+00
7.791927023183657042e+00
7.691070244215220342e+00
7.830447092971597911e+00
8.008444182375475506e+00
7.634149534192147257e+00
8.058762942845060451e+00
7.847192458026613693e+00
8.173450007158441721e+00
7.798503085227414644e+00
7.557740479918128251e+00
7.924882381157964062e+00
7.582496200375405060e+00
7.602324687677220361e+00
7.742720391550350634e+00
7.725599053621907686e+00
7.891155065101714605e+00
7.548421309185189720e+00
7.668139245646092839e+00
8.061616596578955907e+00
7.590402664946208411e+00
7.564168461409451538e+00
7.865431794044469349e+00
7.903014449732616242e+00
8.076913598507534431e+00
7.734183582319221983e+00
7.554163939235411185e+00
7.946832244492806119e+00
8.065877725132978071e+00
7.721471382580216591e+00
7.721020080645828010e+00
7.853542572506156283e+00
7.574451661176586192e+00
7.597781379498782961e+00
8.027992144697021715e+00
7.525605250421095072e+00
7.538606292021696298e+00
7.901274610410836452e+00
7.952637326914106630e+00
7.672757011135692196e+00
7.525695580585973765e+00
7.698899544539798079e+00
7.588823059426204942e+00
7.716139171587379053e+00
7.777924272398954564e+00
7.679146921719003593e+00
7.546354765687095956e+00
7.761449077425147891e+00
7.881625679958748520e+00
7.501307162881430735e+00
7.609047750161778367e+00
7.589012438988485876e+00
7.781279225467844896e+00
7.889074284150370708e+00
7.657149371724536913e+00
7.783417194255585869e+00
7.696454720768095115e+00
7.553018679819088810e+00
7.510841836855529863e+00
7.817107478902470596e+00
7.630694147823182227e+00
7.535831078209954903e+00
7.652705594614977791e+00
7.774444032722428233e+00
7.554158279009344668e+00
7.661656043648874537e+00
7.600623260621277133e+00
7.606497767263847187e+00
7.668541127782722455e+00
8.013338356382314842e+00
7.577871379052532497e+00
7.584170050144305897e+00
7.520982309730875670e+00
7.801880298151471216e+00
7.507205391500690439e+00
7.543691131689767460e+00
7.524600104811988821e+00
7.924553114114520902e+00
7.508888744541289739e+00
7.604041876901864505e+00
7.553366744473232863e+00
7.509692695406317675e+00
7.562378637018948524e+00
7.778716341283486102e+00
7.539014809532604389e+00
7.543224788405814785e+00
