1.088004404901769995e+01
1.133238882212284082e+01
1.087914099257985967e+01
1.101321000825464935e+01
1.086985070664830211e+01
1.083079051362474488e+01
1.100958870707524895e+01
1.087922040693721826e+01
1.089425255811877236e+01
1.129677868509144645e+01
1.059430264498385732e+01
1.083089494730175950e+01
1.103201274536751342e+01
1.081785951232611076e+01
1.084201637660401651e+01
1.046122498707604009e+01
1.114634505917033103e+01
1.073552933564815781e+01
1.090459299843369756e+01
1.089320711920994533e+01
1.096887134562919108e+01
1.112210924736910123e+01
1.087474922580873482e+01
1.087067001429456070e+01
1.089335653025208650e+01
1.097432031048497514e+01
1.105119526117237783e+01
1.103164045692930273e+01
1.084174551134559294e+01
1.124052371647530357e+01
1.069718929638104932e+01
1.106845837715776248e+01
1.088158821631082951e+01
1.104383924914000126e+01
1.083140162850534161e+01
1.095843716385279087e+01
1.123575585141026778e+01
1.108579788924896548e+01
1.098237344217662148e+01
1.096788630880589110e+01
1.084623072187713611e+01
1.088817514099879169e+01
1.110415007384753494e+01
1.077091848186572776e+01
1.116702782030064256e+01
1.083143834712623743e+01
1.102674663384176235e+01
1.115086379470884914e+01
1.087809649128261569e+01
1.081387673407208538e+01
1.089642998214547021e+01
1.112458629911200525e+01
1.109798189169611682e+01
1.120895316938753616e+01
1.102302926043564213e+01
1.111444502539882961e+01
1.089622998138666077e+01
1.094115281100432391e+01
1.087690004979585723e+01
1.115627473222751398e+01
1.091680887161366442e+01
1.090116714788673313e+01
1.064869090994887735e+01
1.104401905099949488e+01
1.099078304982765708e+01
1.088242179027446888e+01
1.106729495388226603e+01
1.110657376036461308e+01
1.063633353740341470e+01
1.116320197399264025e+01
1.078198250522430790e+01
1.060059829787052266e+01
1.123161825626593391e+01
1.078494410311205520e+01
1.102257824333391234e+01
1.076941813322785180e+01
1.084060892660929909e+01
1.072093641215564830e+01
1.097286656943795968e+01
1.076537331038183964e+01
1.097582433149040959e+01
1.118716208937120982e+01
1.096310021161467496e+01
1.071837687149588803e+01
1.098066158245469737e+01
1.079255531504227683e+01
1.085452924814201303e+01
1.092378287725108699e+01
1.050858760196476460e+01
1.108069478360477866e+01
1.108614917680966627e+01
1.086131759207993497e+01
1.064530744001548257e+01
1.076165674194759880e+01
1.119242887737036796e+01
1.097783515785090991e+01
1.092988318275282289e+01
1.098448787461445342e+01
1.094364998564053160e+01
1.105933983060054615e+01
1.093580985839730424e+01
1.069104532139932218e+01
1.095065979926986977e+01
1.098786531806585565e+01
1.061415456238921173e+01
1.100268827682483064e+01
1.089701645854496093e+01
1.101611508669056327e+01
1.086875591564852428e+01
1.126457476429262172e+01
1.092129454605017180e+01
1.089531293791258371e+01
1.072235318702034768e+01
1.103867016710327675e+01
1.065931510080120326e+01
1.111817510991615698e+01
1.110051969295285623e+01
1.081942187463332239e+01
1.078377558541065895e+01
1.106440920044003207e+01
1.060577940785720763e+01
1.097838774207709989e+01
1.083065202026785911e+01
1.118322185588362672e+01
1.075256124597255791e+01
1.099305192780807516e+01
1.078420083361398163e+01
1.070738516795360873e+01
1.086406170629354406e+01
1.078015448991181024e+01
1.097511038583837895e+01
1.080489024986438196e+01
1.087452267023567209e+01
1.075235949698450888e+01
1.088091052893449451e+01
1.072509699370905700e+01
1.104884163878934444e+01
1.092899848481658154e+01
1.079800418677640650e+01
1.075295196646874629e+01
1.109648861169499590e+01
1.089607699621422654e+01
1.087476601646904584e+01
1.088725082163692548e+01
1.078550265453865364e+01
1.072120063416844182e+01
1.080270177961479305e+01
1.103092034396474119e+01
1.082034009572573652e+01
1.079525987736715642e+01
1.091066641418232841e+01
1.074374060460926117e+01
1.085308973105904862e+01
1.079489376097299669e+01
1.075613528089752791e+01
1.080012100089961002e+01
1.086515323596595195e+01
1.093711871376743794e+01
1.083805685645291206e+01
1.115343213962729862e+01
1.087956973263735350e+01
1.077787215088509853e+01
1.088966562884202460e+01
1.134762250567752595e+01
1.111441929383754612e+01
1.083490216196424072e+01
1.071325123515093658e+01
1.079409588337322212e+01
1.087808195479745876e+01
1.077644264119460615e+01
1.105612096973589331e+01
1.100614039472022476e+01
1.094525504871355182e+01
1.068161394897255256e+01
1.095560355966970434e+01
1.081891397640445440e+01
1.104399361459966222e+01
1.088186558745943699e+01
1.109102031978684266e+01
1.101974358111320562e+01
1.091150574037226129e+01
1.107916499209478900e+01
1.071542194765547862e+01
1.085022759412429316e+01
1.086055365110692250e+01
1.072231622403636386e+01
1.132649430612590358e+01
1.083099701425749117e+01
1.110169976351153132e+01
1.070030738000952475e+01
1.080515483216272976e+01
1.079748038315057990e+01
1.075191063144757386e+01
1.068516995399341241e+01
1.099384677735459981e+01
1.080057363580635688e+01
1.091796116344068501e+01
1.077365597222945581e+01
1.073396314031987053e+01
1.080407860274251064e+01
1.099850503582180039e+01
1.102036515820627294e+01
1.068390990366246918e+01
1.103057339469298093e+01
1.083360555235334743e+01
1.109378598229739055e+01
1.063963518597261348e+01
1.079088850786118137e+01
1.055172428194908107e+01
1.098950544975919286e+01
1.088540999555073974e+01
1.105581842084333566e+01
1.109358591588597953e+01
1.062497031690233307e+01
1.090068346424812873e+01
1.067587867172292171e+01
1.097686848421326467e+01
1.082136112627785174e+01
1.060531572629535368e+01
1.076472437625220202e+01
1.086465310083525182e+01
1.074540612151925245e+01
1.080505043073387483e+01
1.073901665351699997e+01
1.098346871246782008e+01
1.092357028519072060e+01
1.088201844699340981e+01
1.093724670459891790e+01
1.094739726138836744e+01
1.080904325928517196e+01
1.085858565421139588e+01
1.086834202628125823e+01
1.090017811319542673e+01
1.065477374815092837e+01
1.115561892106674868e+01
1.086094081153526503e+01
1.100982516137504064e+01
1.095539237025195334e+01
1.070972111529908766e+01
1.081635858499442726e+01
1.067245570802938204e+01
1.075807054086959447e+01
1.077145884140865562e+01
1.069020635757791382e+01
1.090650649134971673e+01
1.069476026181446926e+01
1.071088949968699744e+01
1.083682769241328181e+01
1.079764163429083546e+01
1.029926392364494170e+01
1.091372472273009819e+01
1.090916816660182675e+01
1.082864262874822181e+01
1.078242098664065551e+01
1.077257069247004218e+01
1.098777612192094999e+01
1.090695836829935672e+01
1.077576292955937376e+01
1.090300342301598135e+01
1.103708488999088466e+01
1.064773700512986743e+01
1.103998050656431928e+01
1.098657986863194758e+01
1.084840027662269968e+01
1.089328310357308993e+01
1.074581735408937000e+01
1.072680734206598352e+01
1.067790861827620752e+01
1.074441651219534322e+01
1.084193709724169175e+01
1.083510023186800808e+01
1.083455461172522760e+01
1.103113392991978969e+01
1.073825138201874729e+01
1.087161718280723832e+01
1.083999312953445227e+01
1.082423303985954099e+01
1.065301349253422458e+01
1.092135330423324113e+01
1.091128444050303870e+01
1.086565387078658773e+01
1.081863993997718509e+01
1.068890599558936927e+01
1.075359678114362261e+01
1.093248050564632479e+01
1.071873211480770927e+01
1.072918737135117162e+01
1.066948301172575420e+01
1.085130892200427866e+01
1.071967351770596011e+01
1.109444750800805934e+01
1.079929116854726701e+01
1.087621238570388726e+01
1.069463345821837486e+01
1.073242656972226783e+01
1.078553386111099677e+01
1.088137117895409567e+01
1.081943470952085562e+01
1.070542135098748915e+01
1.082003215742231994e+01
1.066980250985952416e+01
1.092928823117253856e+01
1.081590050885007592e+01
1.080661804000137138e+01
1.063783657903594637e+01
1.061843408347772133e+01
1.093130621994759366e+01
1.071569645814159522e+01
1.080130848066214533e+01
1.078373156146988343e+01
1.104107912734495400e+01
1.080843115768435325e+01
1.080247903899336137e+01
1.086807730455520371e+01
1.099791293096999922e+01
1.077867429524920517e+01
1.071803344603191732e+01
1.083174251097777407e+01
1.060693030224676114e+01
1.067365549111369916e+01
1.070557501133281164e+01
1.068961181524447035e+01
1.089828676687808695e+01
1.098469666136871759e+01
1.083828119747126273e+01
1.074418977013558596e+01
1.066412561814958515e+01
1.083745571788156070e+01
1.082253778537456590e+01
1.063479902615129902e+01
1.069842424065813091e+01
1.076470882354688108e+01
1.067571812529102182e+01
1.067623831435185267e+01
1.091758309232706736e+01
1.066135630419223723e+01
1.059798813064498546e+01
1.057687594652858998e+01
1.080171584244124183e+01
1.081501318565536707e+01
1.074269047084514028e+01
1.063810827276887494e+01
1.063688100244042722e+01
1.080669924235049351e+01
1.078498291469301051e+01
1.086683787788287781e+01
1.079033703190076565e+01
1.073042777184497432e+01
1.058616555983945773e+01
1.074509775936810207e+01
1.074128680013082615e+01
1.076512316741321484e+01
1.052790928344210641e+01
1.090439977763570845e+01
1.074884872289099924e+01
1.073421311237408204e+01
1.056141228169591173e+01
1.057184610845900075e+01
1.065336186385173001e+01
1.077481883983277733e+01
1.079507488671228188e+01
1.074879253998551576e+01
1.068867190442750115e+01
1.072724726876481860e+01
1.064926928998544930e+01
1.058303667844331741e+01
1.063718746990712205e+01
1.080557741570441799e+01
1.073289068970082027e+01
1.071733957964907091e+01
1.063535021356675969e+01
1.067489196379021621e+01
1.074815790721481612e+01
1.069556542408293254e+01
1.063178160144360973e+01
1.077380787357337866e+01
1.056846286277566094e+01
1.048916695239198660e+01
1.074508067574246972e+01
1.064539986274252037e+01
1.060832165678806760e+01
1.054026652894527949e+01
1.064851466546671865e+01
1.060523085853042602e+01
1.051781043877408806e+01
1.067798809907415425e+01
1.076955175993794533e+01
1.055395565079430398e+01
1.049580864261108104e+01
1.067506793684158062e+01
1.061591590566546728e+01
1.066743968677303656e+01
1.057624653746345267e+01
1.057227167274937152e+01
1.055426330680650793e+01
1.057024908096378724e+01
1.063970450866646900e+01
1.074664433538466213e+01
1.076199541939141291e+01
1.058373696086262683e+01
1.059549435903297088e+01
1.047945135726991239e+01
