1.139450255546260315e+01
1.139450255546260315e+01
1.088004404901769995e+01
1.075039168895687602e+01
1.061306467703243328e+01
1.133238882212284082e+01
1.057649785374455931e+01
1.118538460653988587e+01
1.061297009679435455e+01
1.113931028616615215e+01
1.100097142990364674e+01
1.060425182351237972e+01
1.053624943627692900e+01
1.028704200285000603e+01
1.087914099257985967e+01
1.053435987256040818e+01
1.077648074181012561e+01
1.056680414705553517e+01
1.079257599758801867e+01
1.047972287788346613e+01
1.065804784542697803e+01
1.042167939723548287e+01
1.041276595151729900e+01
1.059216223170817983e+01
1.055200175016051389e+01
1.051665481341066588e+01
1.004983413368122847e+01
1.115335544737875217e+01
1.123367609580796156e+01
1.080215380796951763e+01
1.112554467892588050e+01
1.101321000825464935e+01
1.077233480341975813e+01
1.072277687589653183e+01
1.086985070664830211e+01
1.052727019906670591e+01
1.056320843947507271e+01
1.054502392173157865e+01
1.044180848042201859e+01
1.027860052606158803e+01
1.140949708018715469e+01
1.094993473466931100e+01
1.119848968214575002e+01
1.062187151847682998e+01
1.069368381559509018e+01
1.056164188533175441e+01
1.125756979453868567e+01
1.126014982634637107e+01
1.077627982304083254e+01
1.049377209654662479e+01
1.083079051362474488e+01
1.071401762204346930e+01
1.053309812270483725e+01
1.035282385499406388e+01
1.031430390198083558e+01
1.102771936598153424e+01
1.100958870707524895e+01
1.106282432490816880e+01
1.066944482288104723e+01
1.100099271958567826e+01
1.064427886935215994e+01
1.066626167381074985e+01
1.087922040693721826e+01
1.059024118383992885e+01
1.049154152306635979e+01
1.038887444515033742e+01
1.049950640513692868e+01
1.048369180440733395e+01
1.151510150930748289e+01
1.048402876104915826e+01
1.066157680777032724e+01
1.045625638806919966e+01
1.139315574570461109e+01
1.114807060255920135e+01
1.099880463773859596e+01
1.059057294525898385e+01
1.038744507162026842e+01
1.022571616690336427e+01
1.148400729524841601e+01
1.089933415949064255e+01
1.054548674307567424e+01
1.064506498628554887e+01
1.066427947727561687e+01
1.048392955530928994e+01
1.043744411859934118e+01
1.014286029370636832e+01
1.126979853495083006e+01
1.086772131449979639e+01
1.085547964110642916e+01
1.081789111605696441e+01
1.089425255811877236e+01
1.037720338704759548e+01
1.075921954048566143e+01
1.049987711031343451e+01
1.145023035167148429e+01
1.127864234420908041e+01
1.096617777196696508e+01
1.053876117817696567e+01
1.062546628153719119e+01
1.034961426256512773e+01
1.135141381558031348e+01
1.124297273705240130e+01
1.129677868509144645e+01
1.115619221013665907e+01
1.031814741539144542e+01
1.059430264498385732e+01
1.116613331654784247e+01
1.083089494730175950e+01
1.106394493320837746e+01
1.049131386989987291e+01
1.076938313364392208e+01
1.074975456800843787e+01
1.040045395327423350e+01
1.060262454503469520e+01
1.075237951385895130e+01
1.049772601588698961e+01
1.013259138576536067e+01
1.026141940728662050e+01
1.136994839681318936e+01
1.045599985740252258e+01
1.065347094791126814e+01
1.035184847534512897e+01
1.057495651653293045e+01
1.054619725548354303e+01
1.049772385149401543e+01
1.130104625553650699e+01
1.090749909208853552e+01
1.076595881241714281e+01
1.107520250082131952e+01
1.063359913738336182e+01
1.029496534086186088e+01
1.128505644831330734e+01
1.095047076438068778e+01
1.051916266873605110e+01
1.061733760881809552e+01
1.033349250039749556e+01
1.031866202702469870e+01
1.114839886452522499e+01
1.047362770101061002e+01
1.103201274536751342e+01
1.046996121837076288e+01
1.041301072169519770e+01
1.064968050164575253e+01
1.047444433700907140e+01
1.024748609988922432e+01
1.106603884559450890e+01
1.081785951232611076e+01
1.084201637660401651e+01
1.054239121532818757e+01
1.046122498707604009e+01
1.024386152619761958e+01
1.021191006896026998e+01
1.114634505917033103e+01
1.073552933564815781e+01
1.090459299843369756e+01
1.070709205899695782e+01
1.063162387327949077e+01
1.036101705639324955e+01
1.083307316468375348e+01
1.052563207250440946e+01
1.042698503751914529e+01
1.130044566937615613e+01
1.061504223493104782e+01
1.045429457621138170e+01
1.045819067449461492e+01
1.137438856843704293e+01
1.089320711920994533e+01
1.096887134562919108e+01
1.126004094337658046e+01
1.061879514686720505e+01
1.049665734820233887e+01
1.112210924736910123e+01
1.087474922580873482e+01
1.087067001429456070e+01
1.076433590853847555e+01
1.089335653025208650e+01
1.092060410557959571e+01
1.055647287707187942e+01
1.079964961746898311e+01
1.024721774755696835e+01
1.056462357533552776e+01
1.035522975743255181e+01
1.038504169273933186e+01
1.125604482001167206e+01
1.102754141059019943e+01
1.059334999437057334e+01
1.126048115117208148e+01
1.097432031048497514e+01
1.063657300135932182e+01
1.060845090297049964e+01
1.105119526117237783e+01
1.103164045692930273e+01
1.064509839887844400e+01
1.034317401348069154e+01
1.129581959610023567e+01
1.060570406255042819e+01
1.046629227892173652e+01
1.030374465632939796e+01
1.123201222338106398e+01
1.081663387663106768e+01
1.042849001992443547e+01
1.134527060637036477e+01
1.136508359435216597e+01
1.084174551134559294e+01
1.038785382656157097e+01
1.124052371647530357e+01
1.035271787683281097e+01
1.069718929638104932e+01
1.055943489303799154e+01
1.106084226592761155e+01
1.086067416980617928e+01
1.080730137208292874e+01
1.068705882441411248e+01
1.121774186053685796e+01
1.061165534885740946e+01
1.128025018149856784e+01
1.087391922451804760e+01
1.050490257624755586e+01
1.030203726122877939e+01
1.137520396555186331e+01
1.044007721933890664e+01
1.106845837715776248e+01
1.088158821631082951e+01
1.075329031521505030e+01
1.017374997589928221e+01
1.114553962083125249e+01
1.052083180573727716e+01
1.116176109238855751e+01
1.086868198547047726e+01
1.030766946697982256e+01
1.132265074657807880e+01
1.062545411826304687e+01
1.040255255760166619e+01
1.067161347902092494e+01
1.115606574996492206e+01
1.084023866557543059e+01
1.061733990641280023e+01
1.030654194401173029e+01
1.069725206518107719e+01
1.104383924914000126e+01
1.061876045138358471e+01
1.058456497145784070e+01
1.065063524872125456e+01
1.038925184791020939e+01
1.118711943680368925e+01
1.086119358755143161e+01
1.110654727972846700e+01
1.073370598880667970e+01
1.068471480718596212e+01
1.065669502404373148e+01
1.032142524824242180e+01
1.083140162850534161e+01
1.064319308000714948e+01
1.078472526040234669e+01
1.021061623304938415e+01
1.015812974309965178e+01
1.128860537220428029e+01
1.101607152112470267e+01
1.095843716385279087e+01
1.055964779431447909e+01
1.123575585141026778e+01
1.074111266244622875e+01
1.055406716150505098e+01
1.049228705107010917e+01
1.110645683098422687e+01
1.075551581100539700e+01
1.041657976273037889e+01
1.091721253962058569e+01
1.081772466860840964e+01
1.034431525354882098e+01
1.121024119891456294e+01
1.089172350842520842e+01
1.108579788924896548e+01
1.067987659552770729e+01
1.037042010322244856e+01
1.054436988508763839e+01
1.079126642957978710e+01
1.053450456702041471e+01
1.037001963773684921e+01
1.032278903925216973e+01
1.144750745521078983e+01
1.065492331961317873e+01
1.039922710018977625e+01
1.124278380760397589e+01
1.067665950735805858e+01
1.067429511516523633e+01
1.136655359830594669e+01
1.055943751180737600e+01
1.035096679061353164e+01
1.098237344217662148e+01
1.075645126416309516e+01
1.056114661566182811e+01
1.032130408208523775e+01
1.096788630880589110e+01
1.056622648041805235e+01
1.050910897026975555e+01
1.084623072187713611e+01
1.088817514099879169e+01
1.066186436063726717e+01
1.061185057640301999e+01
1.111491739223043851e+01
1.065131283804438311e+01
1.049462462486786407e+01
1.117723132766733762e+01
1.036968874988079037e+01
1.046974279410212638e+01
1.049093929838697647e+01
1.030579481139283260e+01
1.116636447044590419e+01
1.061416349038016627e+01
1.033811626448425436e+01
1.136468100022517191e+01
1.030564985760253194e+01
1.110415007384753494e+01
1.055418656822703305e+01
1.046400757085443090e+01
1.046080067576546568e+01
1.091457039355566927e+01
1.077091848186572776e+01
1.091450034396586766e+01
1.061992786580032977e+01
1.116702782030064256e+01
1.083143834712623743e+01
1.102674663384176235e+01
1.057023678372912201e+01
1.114649183008836530e+01
1.070217524850857593e+01
1.115086379470884914e+01
1.057550944567472229e+01
1.053620474452822009e+01
1.087809649128261569e+01
1.094439256838997565e+01
1.121555189166873134e+01
1.050293014164493854e+01
1.055253597561953960e+01
1.081387673407208538e+01
1.072840257450813972e+01
1.054275504776025585e+01
1.028015137547463098e+01
1.052747092380997174e+01
1.043133683692892788e+01
1.089642998214547021e+01
1.089642998214547021e+01
1.063696236146123830e+01
1.049879450118008961e+01
1.123932275865483987e+01
1.029513693575976951e+01
1.047340272060701594e+01
1.141899123814232553e+01
1.053853094900326859e+01
1.081580293793604142e+01
1.108372298728352767e+01
1.041756226233048999e+01
1.112458629911200525e+01
1.093717444572476971e+01
1.125004427763226289e+01
1.109798189169611682e+01
1.071568538316517483e+01
1.120895316938753616e+01
1.076329258849796311e+01
1.034490817732156920e+01
1.102302926043564213e+01
1.083162471378690128e+01
1.072085911241023126e+01
1.098843737104630414e+01
1.098111419687668011e+01
1.111444502539882961e+01
1.041702984362153828e+01
1.134689246389430828e+01
1.054737678802859691e+01
1.089622998138666077e+01
1.044888147601553641e+01
1.113238403027893142e+01
1.066281039904833783e+01
1.116621415447898436e+01
1.029558494633971932e+01
1.094115281100432391e+01
1.058165004015486943e+01
1.046562482881364886e+01
1.087690004979585723e+01
1.067254587383173181e+01
1.061221590949392812e+01
1.115627473222751398e+01
1.070941844839828327e+01
1.069730167655765740e+01
1.089825419064648315e+01
1.053256458872298040e+01
1.068868846545294460e+01
1.063710354689854576e+01
1.046166085649766941e+01
1.091680887161366442e+01
1.064583410455436052e+01
1.028893381581116628e+01
1.090116714788673313e+01
1.064869090994887735e+01
1.047385077554077704e+01
1.123929025989382602e+01
1.076847658672760488e+01
1.030308790751458581e+01
1.104401905099949488e+01
1.028170558730431416e+01
1.099078304982765708e+01
1.088242179027446888e+01
1.074030699313149206e+01
1.096326505324213940e+01
1.063475324677764533e+01
1.096072508225002373e+01
1.052136286699201584e+01
1.012305072409360029e+01
1.106729495388226603e+01
1.072128899593834284e+01
1.048724594850747138e+01
1.035693438682632816e+01
1.110657376036461308e+01
1.036447328865280504e+01
1.078868464471531929e+01
1.063633353740341470e+01
1.049117354383504086e+01
1.041945629883197988e+01
1.116320197399264025e+01
1.125883342880525895e+01
1.078198250522430790e+01
1.060059829787052266e+01
1.030524313488658628e+01
1.123161825626593391e+01
1.078494410311205520e+01
1.093183887542572741e+01
1.050462238501650347e+01
1.039563771255843960e+01
1.026047953505434940e+01
1.102257824333391234e+01
1.074152781744765761e+01
1.053627725759690570e+01
1.063102179773796507e+01
1.076941813322785180e+01
1.052622886462950191e+01
1.014147353984152744e+01
1.084060892660929909e+01
1.072093641215564830e+01
1.034526043236580328e+01
1.097286656943795968e+01
1.049800012221678358e+01
1.094928903439643797e+01
1.076537331038183964e+01
1.079798948998501906e+01
1.057717667341815471e+01
1.039207667360671827e+01
1.096596317511166596e+01
1.076090816982064702e+01
1.097582433149040959e+01
1.044503543387405209e+01
1.077299243636266723e+01
1.118716208937120982e+01
1.101079507762990950e+01
1.128314320728821052e+01
1.142384102124488088e+01
1.096310021161467496e+01
1.071837687149588803e+01
1.045390525154824068e+01
1.098066158245469737e+01
1.065346838734570767e+01
1.030929813580623744e+01
1.106912458690671208e+01
1.117391808984952029e+01
1.041133501886671908e+01
1.115615843727826118e+01
1.079255531504227683e+01
1.044017751510139647e+01
1.047395455474074133e+01
1.117998357663747555e+01
1.085452924814201303e+01
1.095471647636994561e+01
1.092378287725108699e+01
1.050858760196476460e+01
1.108069478360477866e+01
1.108614917680966627e+01
1.048645136782516474e+01
1.086131759207993497e+01
1.064530744001548257e+01
1.071023457114335287e+01
1.139751287243911548e+01
1.093481331023666669e+01
1.076165674194759880e+01
1.062291003827319003e+01
1.119242887737036796e+01
1.077737624770182201e+01
1.069725003639541505e+01
1.037143397315985283e+01
1.041593920718034028e+01
1.097783515785090991e+01
1.091933298173451483e+01
1.109000403068069573e+01
1.092988318275282289e+01
1.059058389975689707e+01
1.057949133024476396e+01
1.026586310894015242e+01
1.100493801203474575e+01
1.080564421131931141e+01
1.052269001174468599e+01
1.056650570710300130e+01
1.098448787461445342e+01
1.070221930003827460e+01
1.094364998564053160e+01
1.105933983060054615e+01
1.030416285172984381e+01
1.093580985839730424e+01
1.080477331662396523e+01
1.064614551756215377e+01
1.031170438020105884e+01
1.077540262581845276e+01
1.046088975741538363e+01
1.069104532139932218e+01
1.073549660505639558e+01
1.041828936586778909e+01
1.060100472852930586e+01
1.045963997770951437e+01
1.095065979926986977e+01
1.065262856380077494e+01
1.098786531806585565e+01
1.061415456238921173e+01
1.100268827682483064e+01
1.056556897134409390e+01
1.072651116520543724e+01
1.044318890942292732e+01
1.035350857238341327e+01
1.109290449369730958e+01
1.101273961521057210e+01
1.068746653724180362e+01
1.089701645854496093e+01
1.063062505554026771e+01
1.101611508669056327e+01
1.097203529821682366e+01
1.107585769873333348e+01
1.057956193215738061e+01
1.086875591564852428e+01
1.061444646569470507e+01
1.047556210572410507e+01
1.126457476429262172e+01
1.118742213015517351e+01
1.113827030082648584e+01
1.060996137712192322e+01
1.072169186542916464e+01
1.078205580395731289e+01
1.095789931456264199e+01
1.083107252015072142e+01
1.038799256155859929e+01
1.046473586765736563e+01
1.027403299878671561e+01
1.092129454605017180e+01
1.048237160776193022e+01
1.089531293791258371e+01
1.056240682150276378e+01
1.049594989748429974e+01
1.072235318702034768e+01
1.061275281977827589e+01
1.020757412366075734e+01
1.081921333632904592e+01
1.042388748467610071e+01
1.124311038180584532e+01
1.103867016710327675e+01
1.064354098032907459e+01
1.065931510080120326e+01
1.111817510991615698e+01
1.041181147898855208e+01
1.110051969295285623e+01
1.043995973913975384e+01
1.091283791919102519e+01
1.048194327359153633e+01
1.125215747599722604e+01
1.027555641821825461e+01
1.081942187463332239e+01
1.069561382392244120e+01
1.078377558541065895e+01
1.070389209258884655e+01
1.039721653591750616e+01
1.106440920044003207e+01
1.047264621978440680e+01
1.039045292543361398e+01
1.091181698233581265e+01
1.060577940785720763e+01
1.097838774207709989e+01
1.081689474471641965e+01
1.016039207132002886e+01
1.098243564188265253e+01
1.083065202026785911e+01
1.031188008745435347e+01
1.118322185588362672e+01
1.038255367133618812e+01
1.075256124597255791e+01
1.102184139071217395e+01
1.072845478196988189e+01
1.057217122813220378e+01
1.106809057389501483e+01
1.112879826980963394e+01
1.099305192780807516e+01
1.068312177179327627e+01
1.082916088237801944e+01
1.078420083361398163e+01
1.078650941054265289e+01
1.063147412703503747e+01
1.043593354343838264e+01
1.077011685155388143e+01
1.070738516795360873e+01
1.089097992195109654e+01
1.105381620930230469e+01
1.086406170629354406e+01
1.066543362964361386e+01
1.076103595961337334e+01
1.078015448991181024e+01
1.098802104708869010e+01
1.078395246390616080e+01
1.063825980949643579e+01
1.067184822203919126e+01
1.034440751904281797e+01
1.111253275371019988e+01
1.043233122176093097e+01
1.056702318384057193e+01
1.117964258899160335e+01
1.097511038583837895e+01
1.051651892879554495e+01
1.080489024986438196e+01
1.044285002518904371e+01
1.040291757066694878e+01
1.087452267023567209e+01
1.065432853624357534e+01
1.057852449601494982e+01
1.059364171288113177e+01
1.075235949698450888e+01
1.091340742789664020e+01
1.057361127840573900e+01
1.088091052893449451e+01
1.072509699370905700e+01
1.055666919931361747e+01
1.103253205165282580e+01
1.101681295044422804e+01
1.048998906921605290e+01
1.041274816502995471e+01
1.104884163878934444e+01
1.053228997098668529e+01
1.075964964542533231e+01
1.064278990913799561e+01
1.092899848481658154e+01
1.046469943361680599e+01
1.040146522057349721e+01
1.079800418677640650e+01
1.042453330002585510e+01
1.075615291538689355e+01
1.052044121538941290e+01
1.082201430723188551e+01
1.065158699742613102e+01
1.075295196646874629e+01
1.063561907736103329e+01
1.109648861169499590e+01
1.098804789579843444e+01
1.089607699621422654e+01
1.087476601646904584e+01
1.069712735247268398e+01
1.057878156112094459e+01
1.059938030930278252e+01
1.088725082163692548e+01
1.049655091698913623e+01
1.078550265453865364e+01
1.072120063416844182e+01
1.023428465869539217e+01
1.026429954808931555e+01
1.080270177961479305e+01
1.073717246501375833e+01
1.044096094867325064e+01
1.106298534617074480e+01
1.103092034396474119e+01
1.068478710888708250e+01
1.082034009572573652e+01
1.079525987736715642e+01
1.071333405108975434e+01
1.098196210357819602e+01
1.091066641418232841e+01
1.074374060460926117e+01
1.064010860978675588e+01
1.085308973105904862e+01
1.086059479127085048e+01
1.048526244796442697e+01
1.122351944701327930e+01
1.079489376097299669e+01
1.072558615313205976e+01
1.046738233234126625e+01
1.040040469482658381e+01
1.075613528089752791e+01
1.044636151177016536e+01
1.033413407671189432e+01
1.080012100089961002e+01
1.036892061672534382e+01
1.022709002565582992e+01
1.086515323596595195e+01
1.056346953677539879e+01
1.057037177043989828e+01
1.093711871376743794e+01
1.035709169369511606e+01
1.083805685645291206e+01
1.125292759038577728e+01
1.075022462337789975e+01
1.058938866296029246e+01
1.115343213962729862e+01
1.085487334096328027e+01
1.087956973263735350e+01
1.065794046759921976e+01
1.079865343494850194e+01
1.041135672608045404e+01
1.033780168209770878e+01
1.077787215088509853e+01
1.050782545087837327e+01
1.088966562884202460e+01
1.134762250567752595e+01
1.111441929383754612e+01
1.090422941663192979e+01
1.058982711782590513e+01
1.083490216196424072e+01
1.071325123515093658e+01
1.079409588337322212e+01
1.087808195479745876e+01
1.077644264119460615e+01
1.082767759841410005e+01
1.105612096973589331e+01
1.100614039472022476e+01
1.094525504871355182e+01
1.067860693596102273e+01
1.068161394897255256e+01
1.074447508977329591e+01
1.044417640871917463e+01
1.095560355966970434e+01
1.046223897774310707e+01
1.081891397640445440e+01
1.021555068482187956e+01
1.052763460465152967e+01
1.104399361459966222e+01
1.088186558745943699e+01
1.109102031978684266e+01
1.101974358111320562e+01
1.091150574037226129e+01
1.060501554622366349e+01
1.040330433285972589e+01
1.107916499209478900e+01
1.071542194765547862e+01
1.085022759412429316e+01
1.086055365110692250e+01
1.008364248356153148e+01
1.072231622403636386e+01
1.132649430612590358e+01
1.083099701425749117e+01
1.110169976351153132e+01
1.105401848880545401e+01
1.072376430765675792e+01
1.070030738000952475e+01
1.080515483216272976e+01
1.109916265466273089e+01
1.097167631001095423e+01
1.079748038315057990e+01
1.075255744368762123e+01
1.075191063144757386e+01
1.031227863964727121e+01
1.072376974721717247e+01
1.068516995399341241e+01
1.070537354781253470e+01
1.051104603667307735e+01
1.036557434155511359e+01
1.081843684896449354e+01
1.071068314663401644e+01
1.069225517685594262e+01
1.035072039534003530e+01
1.085303741358997520e+01
1.060568256420250854e+01
1.096863775745761060e+01
1.073805746850303144e+01
1.057154491343101199e+01
1.099384677735459981e+01
1.081534823188029648e+01
1.068832281391199679e+01
1.033211056691047958e+01
1.080057363580635688e+01
1.091796116344068501e+01
1.077365597222945581e+01
1.042684299925991454e+01
1.073396314031987053e+01
1.044271243162149077e+01
1.080407860274251064e+01
1.089786995827712168e+01
1.056080801340912956e+01
1.057316126322786687e+01
1.042896063032342902e+01
1.075449845174384933e+01
1.032521696982712101e+01
1.033081954521824031e+01
1.072894863794234510e+01
1.042939695407423351e+01
1.099850503582180039e+01
1.102036515820627294e+01
1.085136944057762243e+01
1.028948389255721274e+01
1.068390990366246918e+01
1.044618243036899763e+01
1.103057339469298093e+01
1.059604437453910641e+01
1.071365836352563505e+01
1.083360555235334743e+01
1.109378598229739055e+01
1.063963518597261348e+01
1.028327820150081173e+01
1.079088850786118137e+01
1.072916521325107730e+01
1.061985495112513256e+01
1.055172428194908107e+01
1.103547247581497004e+01
1.093164358874050990e+01
1.098950544975919286e+01
1.075690272850996188e+01
1.053082107394620337e+01
1.088540999555073974e+01
1.105581842084333566e+01
1.086407311581807278e+01
1.109358591588597953e+01
1.062497031690233307e+01
1.072045603660155422e+01
1.057173487047145954e+01
1.087860510416358473e+01
1.078399413932957884e+01
1.090068346424812873e+01
1.067587867172292171e+01
1.049787571679748943e+01
1.097686848421326467e+01
1.082136112627785174e+01
1.045457978638077456e+01
1.060531572629535368e+01
1.068648496354353661e+01
1.068522041852686577e+01
1.076472437625220202e+01
1.086465310083525182e+01
1.037011372211295779e+01
1.057248720607245573e+01
1.014491001977879669e+01
1.076346639716744136e+01
1.074540612151925245e+01
1.069389519758316354e+01
1.081558173213403506e+01
1.080505043073387483e+01
1.056242236555764435e+01
1.073901665351699997e+01
1.057793557629325143e+01
1.102993999451353702e+01
1.087914997809073014e+01
1.080113168005711088e+01
1.084384603419743343e+01
1.098346871246782008e+01
1.092357028519072060e+01
1.037916651456921890e+01
1.064879543819749053e+01
1.088201844699340981e+01
1.081062704875639824e+01
1.093724670459891790e+01
1.072262172247073586e+01
1.031397692503217556e+01
1.094739726138836744e+01
1.080904325928517196e+01
1.042633032847047403e+01
1.070052164009775986e+01
1.064561316615119679e+01
1.110323032589277226e+01
1.072938600039012158e+01
1.024359776748953621e+01
1.085858565421139588e+01
1.074485106959158109e+01
1.052874278965039423e+01
1.089112879048783178e+01
1.086834202628125823e+01
1.025215904459275862e+01
1.090017811319542673e+01
1.074196818861171465e+01
1.084418596531344114e+01
1.057698661316774924e+01
1.045401933695608321e+01
1.012414641568493145e+01
1.074272561899925549e+01
1.028594849508756681e+01
1.055327342225705500e+01
1.088706057045707531e+01
1.065477374815092837e+01
1.042734439160909687e+01
1.043080056204459893e+01
1.107308022620726362e+01
1.115561892106674868e+01
1.047803925250321200e+01
1.075403819512308878e+01
1.086094081153526503e+01
1.100982516137504064e+01
1.095539237025195334e+01
1.023915134791661430e+01
1.071951870388243044e+01
1.062373968467032803e+01
1.050908614202506541e+01
1.035329223724694714e+01
1.070972111529908766e+01
1.034421704512327267e+01
1.045997931824511440e+01
1.054920801268740149e+01
1.047116980223892213e+01
1.033918710944972297e+01
1.081635858499442726e+01
1.055812220857692196e+01
1.050322163773061135e+01
1.067245570802938204e+01
1.056288953655131557e+01
1.062378837310798296e+01
1.049651055018183854e+01
1.075807054086959447e+01
1.095765299860563324e+01
1.072824698108357921e+01
1.038415795496246652e+01
1.053183227414121248e+01
1.033419084602232374e+01
1.077145884140865562e+01
1.069020635757791382e+01
1.062515941882520387e+01
1.038424677489611447e+01
1.078823855550502842e+01
1.090650649134971673e+01
1.038832985013373467e+01
1.069476026181446926e+01
1.045606620813563836e+01
1.055271906742631494e+01
1.090093170773216613e+01
1.060755473666688786e+01
1.071088949968699744e+01
1.059159384959473904e+01
1.075300767724984219e+01
1.040299896421050363e+01
1.083682769241328181e+01
1.060714688985864207e+01
1.103494565616671430e+01
1.061497115837080152e+01
1.060664266799454403e+01
1.055606864410212609e+01
1.079764163429083546e+01
1.027241428063513062e+01
1.086118622529953726e+01
1.063199225828661021e+01
1.053884149703382533e+01
1.064232255343340938e+01
1.029926392364494170e+01
1.094502406180544796e+01
1.051633629353352362e+01
1.027306294236085193e+01
1.091372472273009819e+01
1.073083196081528712e+01
1.090916816660182675e+01
1.046376486324313149e+01
1.082864262874822181e+01
1.102705165047374081e+01
1.049741445772441750e+01
1.077367603420813680e+01
1.078242098664065551e+01
1.077257069247004218e+01
1.059014434785482450e+01
1.079329762419084382e+01
1.034464843296936643e+01
1.098777612192094999e+01
1.056748381271423654e+01
1.020756747723059199e+01
1.074763670475702071e+01
1.090695836829935672e+01
1.077576292955937376e+01
1.090300342301598135e+01
1.087973638527051889e+01
1.077324880475935309e+01
1.049561881465005619e+01
1.103708488999088466e+01
1.064773700512986743e+01
1.057563025541471369e+01
1.103998050656431928e+01
1.078437760060740125e+01
1.050300925627880133e+01
1.056004021557418859e+01
1.061509710017200092e+01
1.098657986863194758e+01
1.047598605136934857e+01
1.054246361996678338e+01
1.073228144175131860e+01
1.068187779727231046e+01
1.064258089223365999e+01
1.095427087367976782e+01
1.084840027662269968e+01
1.051688857927476306e+01
1.084038135856404850e+01
1.053020852208409863e+01
1.073907898114763881e+01
1.089328310357308993e+01
1.096127011438544052e+01
1.065026900077482352e+01
1.033148850848817446e+01
1.059461667919680039e+01
1.088158583419160230e+01
1.074581735408937000e+01
1.090096973197062624e+01
1.072680734206598352e+01
1.072660750005032781e+01
1.055427840247891247e+01
1.067790861827620752e+01
1.074441651219534322e+01
1.048174968322480360e+01
1.084193709724169175e+01
1.083510023186800808e+01
1.090789760966717559e+01
1.053950174695239461e+01
1.039485086861094487e+01
1.083455461172522760e+01
1.103113392991978969e+01
1.050242939422486899e+01
1.050506725730933510e+01
1.077684329874723268e+01
1.064191807796767897e+01
1.073825138201874729e+01
1.024010388392692761e+01
1.038357200676908754e+01
1.087161718280723832e+01
1.091660796113827914e+01
1.083999312953445227e+01
1.095537269509737932e+01
1.088348536893395035e+01
1.051289405733932014e+01
1.091721573993284622e+01
1.082423303985954099e+01
1.065301349253422458e+01
1.079536361593035210e+01
1.039796461109490977e+01
1.092135330423324113e+01
1.052489854813024728e+01
1.045375194843553146e+01
1.060940498377783214e+01
1.091128444050303870e+01
1.109226441455143508e+01
1.086565387078658773e+01
1.078605590210015208e+01
1.042266941187524942e+01
1.052269328826967332e+01
1.081863993997718509e+01
1.110796055492998313e+01
1.068890599558936927e+01
1.075359678114362261e+01
1.054120600218521098e+01
1.058719875077620642e+01
1.093248050564632479e+01
1.082224719020313763e+01
1.083612619701319701e+01
1.047562113746429269e+01
1.054884030769007452e+01
1.071873211480770927e+01
1.068936771883792325e+01
1.072918737135117162e+01
1.095812814819647052e+01
1.043940192325534078e+01
1.083294449673996596e+01
1.066948301172575420e+01
1.049192517796159052e+01
1.031839019503827792e+01
1.066649327191048613e+01
1.053335549590111953e+01
1.073291351871283972e+01
1.085130892200427866e+01
1.092031932085107115e+01
1.059902643347799689e+01
1.048230565865061159e+01
1.071967351770596011e+01
1.048476786275740302e+01
1.072454979254512430e+01
1.051003301994697736e+01
1.087066583729955305e+01
1.109444750800805934e+01
1.086270536597395520e+01
1.079929116854726701e+01
1.068620186682865558e+01
1.039365866424235207e+01
1.087621238570388726e+01
1.070450408035754464e+01
1.061334981110469577e+01
1.069463345821837486e+01
1.078339367826278838e+01
1.073242656972226783e+01
1.078553386111099677e+01
1.063113492509225821e+01
1.088137117895409567e+01
1.052601605783528171e+01
1.036257418112008644e+01
1.052033934728769538e+01
1.057262217221388312e+01
1.086383803374315526e+01
1.082773872349442357e+01
1.037764320712233612e+01
1.026528048351281797e+01
1.081943470952085562e+01
1.045022038810684606e+01
1.039384069972500768e+01
1.070542135098748915e+01
1.068599176853279609e+01
1.060141130703073209e+01
1.082003215742231994e+01
1.051800934089492401e+01
1.066980250985952416e+01
1.086339714438083348e+01
1.047898862692952804e+01
1.092928823117253856e+01
1.109001632813389548e+01
1.068260520549948644e+01
1.056742984286209541e+01
1.011777669886558151e+01
1.081590050885007592e+01
1.069511191774163805e+01
1.080661804000137138e+01
1.060702152450755342e+01
1.063783657903594637e+01
1.083257486195251218e+01
1.061843408347772133e+01
1.066207860339997460e+01
1.093130621994759366e+01
1.048134310020677873e+01
1.047016941928364275e+01
1.064582130666205551e+01
1.059143172947260503e+01
1.052779680313867061e+01
1.041183289588376759e+01
1.057602860060682382e+01
1.067180360369338388e+01
1.044784407146145533e+01
1.067787044785182182e+01
1.031916232152290469e+01
1.085147681128998087e+01
1.051128214367158087e+01
1.071569645814159522e+01
1.060080109623966571e+01
1.080130848066214533e+01
1.063822554144151589e+01
1.053318224140832449e+01
1.038772483243898570e+01
1.078373156146988343e+01
1.055764908139326330e+01
1.104107912734495400e+01
1.030785481664934977e+01
1.054385788103467547e+01
1.080843115768435325e+01
1.060311762309744843e+01
1.040259796105371848e+01
1.064149935659396995e+01
1.080247903899336137e+01
1.086807730455520371e+01
1.093246449595552683e+01
1.067345278832189415e+01
1.062451135504514355e+01
1.090820457664264076e+01
1.050717762439120229e+01
1.063549274285228030e+01
1.065204183342673261e+01
1.081796163222169582e+01
1.065663161823518124e+01
1.034419590857846316e+01
1.099791293096999922e+01
1.079469932945877275e+01
1.080532083279535804e+01
1.021351565581979948e+01
1.044784464501770316e+01
1.078669940022984264e+01
1.071939459866153399e+01
1.077867429524920517e+01
1.046673492376319992e+01
1.077717648201662648e+01
1.055592656620843961e+01
1.050364046202643920e+01
1.071803344603191732e+01
1.080234638000497149e+01
1.081311760874827854e+01
1.066526722170030261e+01
1.065506662849900721e+01
1.051250262472854757e+01
1.083174251097777407e+01
1.061380327094889608e+01
1.064978870268953770e+01
1.060693030224676114e+01
1.067781946208152455e+01
1.036586988524088682e+01
1.044016625964954592e+01
1.069298551381874418e+01
1.084665306003655694e+01
1.067365549111369916e+01
1.047708021102117293e+01
1.060178338164656964e+01
1.044795194834285290e+01
1.033561734622148975e+01
1.084811335000029509e+01
1.018909062590313397e+01
1.070557501133281164e+01
1.083711107855433120e+01
1.097875418276248993e+01
1.076580532271321644e+01
1.091419291045348139e+01
1.045884978676439303e+01
1.068961181524447035e+01
1.048400976881798208e+01
1.089828676687808695e+01
1.077010484857413708e+01
1.082080935448404446e+01
1.051077634171089414e+01
1.089546880068855472e+01
1.075719854544798970e+01
1.061344686501997359e+01
1.098469666136871759e+01
1.083828119747126273e+01
1.068564648613814150e+01
1.054438483618260491e+01
1.074418977013558596e+01
1.066412561814958515e+01
1.040397708041546920e+01
1.068510932097728983e+01
1.064913466259773145e+01
1.074584387682359221e+01
1.076148449689822861e+01
1.074968713449311863e+01
1.078631310697014101e+01
1.064117296745149410e+01
1.050223973092816365e+01
1.068391741289517327e+01
1.069480190549780119e+01
1.038133685149847096e+01
1.109084912465611161e+01
1.076770426013283810e+01
1.079692412282368252e+01
1.050271081873489187e+01
1.083745571788156070e+01
1.082598839186295869e+01
1.040728703623403106e+01
1.077061128665912371e+01
1.063477216128754144e+01
1.060700112493645797e+01
1.082253778537456590e+01
1.084795227483933644e+01
1.083460860470467679e+01
1.064575998888229513e+01
1.063479902615129902e+01
1.061670281745335132e+01
1.090833281579872072e+01
1.049852730962460434e+01
1.061264333556188610e+01
1.073475816189882259e+01
1.076939962667216300e+01
1.063516133215295234e+01
1.072794469711823240e+01
1.042152919536388822e+01
1.063513968077715255e+01
1.069842424065813091e+01
1.080980767510695095e+01
1.076262639996365245e+01
1.043998134832877334e+01
1.082296142472196721e+01
1.054668385658058405e+01
1.076470882354688108e+01
1.067571812529102182e+01
1.053981655032228382e+01
1.079174511171984641e+01
1.064782476124966060e+01
1.063180274297542915e+01
1.042587707512502249e+01
1.041226252195846413e+01
1.079815233358321436e+01
1.053480813929031612e+01
1.099254183265768781e+01
1.058585596312642352e+01
1.053129684274974309e+01
1.042791771219096653e+01
1.071948788381702755e+01
1.063382757512355958e+01
1.068746733277328786e+01
1.028754676857798245e+01
1.042546206837551281e+01
1.067623831435185267e+01
1.091758309232706736e+01
1.056997166857578385e+01
1.051525091331599704e+01
1.039852318877209214e+01
1.050612806179920433e+01
1.067363132148676286e+01
1.066135630419223723e+01
1.042790098531251708e+01
1.085474528969519525e+01
1.082874944208669277e+01
1.059798813064498546e+01
1.078041747661768746e+01
1.057687594652858998e+01
1.080171584244124183e+01
1.081501318565536707e+01
1.080534262429332060e+01
1.074269047084514028e+01
1.038886937175955971e+01
1.075994941839331176e+01
1.033396143206654472e+01
1.081302807319307036e+01
1.071164185425163673e+01
1.053993222061968815e+01
1.039917213953948227e+01
1.043410570594458164e+01
1.078981199299562022e+01
1.078490278947575831e+01
1.063810827276887494e+01
1.068691088127076405e+01
1.063688100244042722e+01
1.052074306564517059e+01
1.072118060772991299e+01
1.050791384327601996e+01
1.045791874467005300e+01
1.055745546167638693e+01
1.070480208351821005e+01
1.073538704665375754e+01
1.080669924235049351e+01
1.060962105603081973e+01
1.078498291469301051e+01
1.078294477027321285e+01
1.050116748960507529e+01
1.053793689724875726e+01
1.057386618673350043e+01
1.061724773676177591e+01
1.070029900883344354e+01
1.047435801611705664e+01
1.086683787788287781e+01
1.070109417927950268e+01
1.067794651634550895e+01
1.083591064749683852e+01
1.037371924056613004e+01
1.034220571243593412e+01
1.079033703190076565e+01
1.048376745177330349e+01
1.069609626269536484e+01
1.046030495444951569e+01
1.053902834201493377e+01
1.061987999147708095e+01
1.073042777184497432e+01
1.025327108227324402e+01
1.082961134116590429e+01
1.034689110155329139e+01
1.064736512781528788e+01
1.069934775061914856e+01
1.088613845524603363e+01
1.035095267066127178e+01
1.058616555983945773e+01
1.043990765009188948e+01
1.074509775936810207e+01
1.040508425526244274e+01
1.031447900118229022e+01
1.064996730247748680e+01
1.092353743794665100e+01
1.052635421041808250e+01
1.054724626305586987e+01
1.074128680013082615e+01
1.047534712760571907e+01
1.073997918316705835e+01
1.063623510174710773e+01
1.068036610990101032e+01
1.060944985408739427e+01
1.022846197483993258e+01
1.065019206253023398e+01
1.054455572173552369e+01
1.075587439681405755e+01
1.076512316741321484e+01
1.089922545365186579e+01
1.032145875861747975e+01
1.080715269941186385e+01
1.075843114662939115e+01
1.056836553822287783e+01
1.062965623979238394e+01
1.042938784131237995e+01
1.052790928344210641e+01
1.050112081660683039e+01
1.075476145168427067e+01
1.090439977763570845e+01
1.063276790321419440e+01
1.052829737657276077e+01
1.091247162513114866e+01
1.056554205011749481e+01
1.061765976885896556e+01
1.072053462683129688e+01
1.074533381412327948e+01
1.072363171620336608e+01
1.054543640910807945e+01
1.041546924391282580e+01
1.059193059201360931e+01
1.062107257853272735e+01
1.064627192463208516e+01
1.056435395342179895e+01
1.074638545703948012e+01
1.083204431955893909e+01
1.069808754960163633e+01
1.074884872289099924e+01
1.089773282257222853e+01
1.077070087243830265e+01
1.073421311237408204e+01
1.075378425238260505e+01
1.069194640550340658e+01
1.058196074784441443e+01
1.048933416205736080e+01
1.056141228169591173e+01
1.058538390952026909e+01
1.016462016045811190e+01
1.057184610845900075e+01
1.056553602057290853e+01
1.065336186385173001e+01
1.077481883983277733e+01
1.042679776335594433e+01
1.049688775483224923e+01
1.083705810958573856e+01
1.036926799678162325e+01
1.089422891182121411e+01
1.060048638058609605e+01
1.082562030468345959e+01
1.079507488671228188e+01
1.051430619966205882e+01
1.039488917434743875e+01
1.071083154492530198e+01
1.045631841649525384e+01
1.042853610281491861e+01
1.091099463045985551e+01
1.068701627888997230e+01
1.074879253998551576e+01
1.074472027948796793e+01
1.068867190442750115e+01
1.065767170795978025e+01
1.045227473187844680e+01
1.048634288411679094e+01
1.072724726876481860e+01
1.041219169110265419e+01
1.048364229499767042e+01
1.035459673933979197e+01
1.064926928998544930e+01
1.075408543829053443e+01
1.048469968149598408e+01
1.071722560615672393e+01
1.052763486010447025e+01
1.023815194762811487e+01
1.038846836289046216e+01
1.042150059051555111e+01
1.070263584992680350e+01
1.079400720300704997e+01
1.039747816612158005e+01
1.056494063126562111e+01
1.058303667844331741e+01
1.063718746990712205e+01
1.076564880632603938e+01
1.066317481354155561e+01
1.087319056909337789e+01
1.069998912236080635e+01
1.072834198707565889e+01
1.069406400006698732e+01
1.070570798635428744e+01
1.075878254535137479e+01
1.056263931642498122e+01
1.062270977178531695e+01
1.061660716698306572e+01
1.050634210375296007e+01
1.056109291184310095e+01
1.070542263504492553e+01
1.061420554333978394e+01
1.056172097208152039e+01
1.054409919267715168e+01
1.080557741570441799e+01
1.058992636700730827e+01
1.064302380030914463e+01
1.069386037377453924e+01
1.073289068970082027e+01
1.050512327947459923e+01
1.048318196851444029e+01
1.071733957964907091e+01
1.038241079902991082e+01
1.078172350690608994e+01
1.062568988904721579e+01
1.069565987483072433e+01
1.076050392682531864e+01
1.062783829355065812e+01
1.040625217227699828e+01
1.062392814493855475e+01
1.066523525253007953e+01
1.063535021356675969e+01
1.046119605134528818e+01
1.059276902027508882e+01
1.070379483386803088e+01
1.058596288795783202e+01
1.058027970222206804e+01
1.067489196379021621e+01
1.084052189600060423e+01
1.056598029675502914e+01
1.049596527774464860e+01
1.065429577848205689e+01
1.061772243762495549e+01
1.074815790721481612e+01
1.057361795620622757e+01
1.019270346468186972e+01
1.064189076653407717e+01
1.073452229634190225e+01
1.038812743346294987e+01
1.070669210113072900e+01
1.050928075443720644e+01
1.051932102450363615e+01
1.056504898704081796e+01
1.069556542408293254e+01
1.074324622565774412e+01
1.059112496340796028e+01
1.051419316036704998e+01
1.040470228474650760e+01
1.066809780154350307e+01
1.063178160144360973e+01
1.073142597563598599e+01
1.039039972119309496e+01
1.077380787357337866e+01
1.070071844682223805e+01
1.066449791683902859e+01
1.050749498295004258e+01
1.027517449394541238e+01
1.068535787555584271e+01
1.066633793944527930e+01
1.052827251783686435e+01
1.076045857821394236e+01
1.052896007310592630e+01
1.061366997702323367e+01
1.097679498078352189e+01
1.071872727717749285e+01
1.061711066063524456e+01
1.074493177459855353e+01
1.076521940294768598e+01
1.070697343234176202e+01
1.059194436821264595e+01
1.027887389051528899e+01
1.057897861749667712e+01
1.056846286277566094e+01
1.042396622015314200e+01
1.028633213001795532e+01
1.049076338303204103e+01
1.023534487167827045e+01
1.043844286767715523e+01
1.033046681051155957e+01
1.048916695239198660e+01
1.074508067574246972e+01
1.030218751397422317e+01
1.032181959740194799e+01
1.049981614726830514e+01
1.051911818128160725e+01
1.071909557310705630e+01
1.038269260481349754e+01
1.073792204005358464e+01
1.047252394795080122e+01
1.052144587221715710e+01
1.074202192789150878e+01
1.068774158008555375e+01
1.054468219915353089e+01
1.047896289676527104e+01
1.056861747757138481e+01
1.082834990448883339e+01
1.060095183232059490e+01
1.032738488132617150e+01
1.064539986274252037e+01
1.070929991269020576e+01
1.049184554277032611e+01
1.075551118123007122e+01
1.046220378411563168e+01
1.051087331640292888e+01
1.035633013631000132e+01
1.052696884956565349e+01
1.031324402335187251e+01
1.086447810925096036e+01
1.039804797360924660e+01
1.019838620737716006e+01
1.060832165678806760e+01
1.079202877498318180e+01
1.053641286890553630e+01
1.043415968736598920e+01
1.025444464053558313e+01
1.042123925365550008e+01
1.055088421296393264e+01
1.035099890415101775e+01
1.014293023314737496e+01
1.049047375959469086e+01
1.066669140837242402e+01
1.042851332970579747e+01
1.034872496526220154e+01
1.068236509689018909e+01
1.069746915563820622e+01
1.040275705553007946e+01
1.062429274332840734e+01
1.064279511621363916e+01
1.048406613464081971e+01
1.023088574842840259e+01
1.067258445965946478e+01
1.057337905909287734e+01
1.054026652894527949e+01
1.049898012028825178e+01
1.058438291243056995e+01
1.052536381144471633e+01
1.066069511054582719e+01
1.057489218712879975e+01
1.047991025776821417e+01
1.072577297654427397e+01
1.036798227438981534e+01
1.040057525439984332e+01
1.064465666389549625e+01
1.070244053338812940e+01
1.072287264850896094e+01
1.059685701814508896e+01
1.065069424304300583e+01
1.067380576396450564e+01
1.056074117519948707e+01
1.060546381207266009e+01
1.070307677358651688e+01
1.047809909145139251e+01
1.071778592975470268e+01
1.046824189201401545e+01
1.056515559120587966e+01
1.045186340530122848e+01
1.059670751803364652e+01
1.055191045939195682e+01
1.041036880736405301e+01
1.045658120796495005e+01
1.057554766776179456e+01
1.052788172381870702e+01
1.051232589141099183e+01
1.062778367457886475e+01
1.052627081353118044e+01
1.043259892389877663e+01
1.036909461069592275e+01
1.064851466546671865e+01
1.064416109449744319e+01
1.049784627367060885e+01
1.079070704626731114e+01
1.071775484094079722e+01
1.054817463154011747e+01
1.074292810050881997e+01
1.045993398381159167e+01
1.054574206151307081e+01
1.055957820804408342e+01
1.059301011645093205e+01
1.049288322681752916e+01
1.061682531002945318e+01
1.076225498117192103e+01
1.081724972014918862e+01
1.060523085853042602e+01
1.068241640445751806e+01
1.038767970480230574e+01
1.059730729076781230e+01
1.076580233695751687e+01
1.064396241995173042e+01
1.055656826010334726e+01
1.064803664373758529e+01
1.043888700767972644e+01
1.084721308823079866e+01
1.059576810630725596e+01
1.051457749663179975e+01
1.071882753406796063e+01
1.060350605682984337e+01
1.051646183327312833e+01
1.044955640136798891e+01
1.041833338554723554e+01
1.051781043877408806e+01
1.052459783553613626e+01
1.059545624981363865e+01
1.061243589111104235e+01
1.050049811771966013e+01
1.059386934192416518e+01
1.063966278318760317e+01
1.054527012605164593e+01
1.065040511571616122e+01
1.050609465667350761e+01
1.053697853423473241e+01
1.063098896367342583e+01
1.047842115685708642e+01
1.036437817150407170e+01
1.045889510164352387e+01
1.067798809907415425e+01
1.063739382191414151e+01
1.008177783487349366e+01
1.027404290086134431e+01
1.042167746829345631e+01
1.058989349275082859e+01
1.057056986322442427e+01
1.059212045203495300e+01
1.048096170743890987e+01
1.030010742769829513e+01
1.044789006175531476e+01
1.042598922101042014e+01
1.048942753065257705e+01
1.076955175993794533e+01
1.065202326622202555e+01
1.034274809513423854e+01
1.077838563327515509e+01
1.063941042761603484e+01
1.042687511998516214e+01
1.055057306661334948e+01
1.048145982972341450e+01
1.048390857391728836e+01
1.054144934379904086e+01
1.055395565079430398e+01
1.038139889068762223e+01
1.054727028909370290e+01
1.042217385109961647e+01
1.073820873983716062e+01
1.041651616764078270e+01
1.043076906290472472e+01
1.060922617478677665e+01
1.040863869218358850e+01
1.031659546097776214e+01
1.066638163778274517e+01
1.056718255865327016e+01
1.051870850272798918e+01
1.049580864261108104e+01
1.034012036407940371e+01
1.052643970083526881e+01
1.076004729815811523e+01
1.067506793684158062e+01
1.071256728885788867e+01
1.032304484399554667e+01
1.059562724744396256e+01
1.048029726419741259e+01
1.060910575366663799e+01
1.052332058794190317e+01
1.029797943998930521e+01
1.073618300937068071e+01
1.042321690750765484e+01
1.047154477265342365e+01
1.055615646175917277e+01
1.076809957150729780e+01
1.058159309404668846e+01
1.035150371018532667e+01
1.055802982321255712e+01
1.072947939568054743e+01
1.060180502528050361e+01
1.049647435229182868e+01
1.054636540135374467e+01
1.061591590566546728e+01
1.034444191891021880e+01
1.045895227843805664e+01
1.066743968677303656e+01
1.030226328272136271e+01
1.048780007740630538e+01
1.070144372145406919e+01
1.051633573238050090e+01
1.045794662125257624e+01
1.057624653746345267e+01
1.046271622720702510e+01
1.039419549251616282e+01
1.061009970443929795e+01
1.057227167274937152e+01
1.063836159208610255e+01
1.069521488459034941e+01
1.057261742033507090e+01
1.030258609545612813e+01
1.047829266909745982e+01
1.036450764805852387e+01
1.044418969797200702e+01
1.060260593810705387e+01
1.060445586685364816e+01
1.047904276965076420e+01
1.065716894616774191e+01
1.021453304476040636e+01
1.054799299319714656e+01
1.056578588632074123e+01
1.045550685651269518e+01
1.055524825660118893e+01
1.055319687884314028e+01
1.054019503311662653e+01
1.057997623129105769e+01
1.048375486563620207e+01
1.028586577659770640e+01
1.047193660070995058e+01
1.061603463386159163e+01
1.074258293400109210e+01
1.058432783732167337e+01
1.054012750519177288e+01
1.039865008468498786e+01
1.064051018688382122e+01
1.061846694830088289e+01
1.049857821025230287e+01
1.053444409051598818e+01
1.055426330680650793e+01
1.059045406366864839e+01
1.032036070950326767e+01
1.013064230525287357e+01
1.040492717128491407e+01
1.065537725721073414e+01
1.039813938667721871e+01
1.040634212793078817e+01
1.044486897874626585e+01
1.064986633287591644e+01
1.042124335275616609e+01
1.024256813871590310e+01
1.057024908096378724e+01
1.049086679885064655e+01
1.063425093774760199e+01
1.065933149368098043e+01
1.041562742572999589e+01
1.060360826631298714e+01
1.033070442739274952e+01
1.039455624782036836e+01
1.057428442752914499e+01
1.056394995441994666e+01
1.031889308498231905e+01
1.044781284891528905e+01
1.047462960519944275e+01
1.048809632620971755e+01
1.061152920567722902e+01
1.034735717970021440e+01
1.055850742193108793e+01
1.023158062680806424e+01
1.070660529573133246e+01
1.057044720006660654e+01
1.041336156159580106e+01
1.014194780733275714e+01
1.045641144850841187e+01
1.057741376276900169e+01
1.033222067335352712e+01
1.041950814927032987e+01
1.059223942133956520e+01
1.040605617547909034e+01
1.066101572241959516e+01
1.048106160444359602e+01
1.068358594960077390e+01
1.047257307790627046e+01
1.056593258458678264e+01
1.050531823205441562e+01
1.046880937071470719e+01
1.051127547437701359e+01
1.053387246082208151e+01
1.054870294909485118e+01
1.069698943569036764e+01
1.056018467428226515e+01
1.050427834532890081e+01
1.060049044730494217e+01
1.044883096537388312e+01
1.051242606065333973e+01
1.052886804510703733e+01
1.045099286775221437e+01
1.039081282823115515e+01
1.048895887545149463e+01
1.030988734001524953e+01
1.051702193211954039e+01
1.058297351247045448e+01
1.038011039067273877e+01
1.036168052163753650e+01
1.060239290009764268e+01
1.038446376851791619e+01
1.063970450866646900e+01
1.042045795249392270e+01
1.037510255413318383e+01
1.041287762767992575e+01
1.055681301074905321e+01
1.034995843204531951e+01
1.074023096261150201e+01
1.059508870222986587e+01
1.035083428556417928e+01
1.053108084537140954e+01
1.053064486770376185e+01
1.060785651912611982e+01
1.069431998326232502e+01
1.041830083997880152e+01
1.051527339776630932e+01
1.046334294472879556e+01
1.091287241940299602e+01
1.074664433538466213e+01
1.055359729307180672e+01
1.022623104176762787e+01
1.043654632912316416e+01
1.052121689844543617e+01
1.047510484729685665e+01
1.047565583168444370e+01
1.048478986456864703e+01
1.039830984905207778e+01
1.032192546188869287e+01
1.048799611217269501e+01
1.057233214792376685e+01
1.047413357376506760e+01
1.062550880952549193e+01
1.027004736585453770e+01
1.058511374328771559e+01
1.054566717697625933e+01
1.053453487301309366e+01
1.049087349866601215e+01
1.042699334560679070e+01
1.029806212515224750e+01
1.048985147421792696e+01
1.043055684820433804e+01
1.032628153760885681e+01
1.044765059177055200e+01
1.058145760611191655e+01
1.060962230944983453e+01
1.067139178731875226e+01
1.039525339517787828e+01
1.050131531565878973e+01
1.051758805623330950e+01
1.057481063923832032e+01
1.046807079698690046e+01
1.057488179743026002e+01
1.044977886056451766e+01
1.052657903010344320e+01
1.066574822918937748e+01
1.048483307368953810e+01
1.069557409394856151e+01
1.076199541939141291e+01
1.032116310554570404e+01
1.045524413200081248e+01
1.050797938484312510e+01
1.027123139616223213e+01
1.051621179996607047e+01
1.050669615892805986e+01
1.023038843306111900e+01
1.031856340420547369e+01
1.031272237870773800e+01
1.046898911078009853e+01
1.062452064330719814e+01
1.034546129013044258e+01
1.060254588942086151e+01
1.061082064817363424e+01
1.038676011719727477e+01
1.066829000595843624e+01
1.062391000438165811e+01
1.062841673437075762e+01
1.068075753189011401e+01
1.056689149418460616e+01
1.064417069583968534e+01
1.032887235881384669e+01
1.064612897608536812e+01
1.034644496314313322e+01
1.046101886367849332e+01
1.054737409479027299e+01
1.039323048474723876e+01
1.054754474776557593e+01
1.059063723606220542e+01
1.060162508496422262e+01
1.054508051825979997e+01
1.058067242184245593e+01
1.025660622220563667e+01
1.055444555996795586e+01
1.044937305733803790e+01
1.060618895810391216e+01
1.055294571562443195e+01
1.025479163371204550e+01
1.066152298554925437e+01
1.044376817660732470e+01
1.066104499915435078e+01
1.052828600782558510e+01
1.060369684016724889e+01
1.050953479691302661e+01
1.036861506961278678e+01
1.044205306002630707e+01
1.056964080823933294e+01
1.039697607246864131e+01
1.062729847416202134e+01
1.052991928460686033e+01
1.062801575145176436e+01
1.044171524762946035e+01
1.043380409017597898e+01
1.041781315259193441e+01
1.079504561605157242e+01
1.066443805726216887e+01
1.044052186712777441e+01
1.022800792301568862e+01
1.062658252894863331e+01
1.055189434348586097e+01
1.044109997461973194e+01
1.029044842379100011e+01
1.048418010926058663e+01
1.051370542134336716e+01
1.059151792400707315e+01
1.049418054561806102e+01
1.055792331744878254e+01
1.047410461298339968e+01
1.064811560889285680e+01
1.037681101168129416e+01
1.060575274514702748e+01
1.069995220909097711e+01
1.054008930186231296e+01
1.034535179501711966e+01
1.045101779818612719e+01
1.048203771447433930e+01
1.045948746382333816e+01
1.054751443270980005e+01
1.064132055345174166e+01
1.054265156916620683e+01
1.058373696086262683e+01
1.033169496057413461e+01
1.052593549852564614e+01
1.045045591228599591e+01
1.042533359532795956e+01
1.029811417098768267e+01
1.060581568478505687e+01
1.041969569582129829e+01
1.042414329666471140e+01
1.052098579045306437e+01
1.048454384362182701e+01
1.037775634376709455e+01
1.031282158248587244e+01
1.037322536908617820e+01
1.046450295912958239e+01
1.054100838597798351e+01
1.048178682925088800e+01
1.044328696278669888e+01
1.035952066011855877e+01
1.044407022311563615e+01
1.049669597203442883e+01
1.044834979164528299e+01
1.059445321705351084e+01
1.057016447235237955e+01
1.042372651280612850e+01
1.048654685266922293e+01
1.065252193495643596e+01
1.049993855158858835e+01
1.053334620990088943e+01
1.056463408430050244e+01
1.039164538944953264e+01
1.045163365759469443e+01
1.042672196294369158e+01
1.069218231913585981e+01
1.046724309132561004e+01
1.052470046808499937e+01
1.055839183265872805e+01
1.054121560314103512e+01
1.038789840723158875e+01
1.048378572862711167e+01
1.035493348208242814e+01
1.052770916882972863e+01
1.032101181817912128e+01
1.034204616658587206e+01
1.057091434015736375e+01
1.043723557665529711e+01
1.047574547826945413e+01
1.055934032395658662e+01
1.065678565883655438e+01
1.053441010701571123e+01
1.048326136817411225e+01
1.048332817247429460e+01
1.023833361778610751e+01
1.057673082402867415e+01
1.056226227417169028e+01
1.040966681569139674e+01
1.048238108363105958e+01
1.046222532468297928e+01
1.025613691074173417e+01
1.037144463269958550e+01
1.065929689457792762e+01
1.057318877063687523e+01
1.042907880758908767e+01
1.046077783131978833e+01
1.048963104497786603e+01
1.034126416935979442e+01
1.060762600951156998e+01
1.020779354114711168e+01
1.051340523870147692e+01
1.036461582380086455e+01
1.051458244892402583e+01
1.049082713273846679e+01
1.043404573027808624e+01
1.034807400773258479e+01
1.046546393857555479e+01
1.070529591040838469e+01
1.057437623601647836e+01
1.055209652357987693e+01
1.032547323961172658e+01
1.052854132467498438e+01
1.059032752939295285e+01
1.022912002659833419e+01
1.039642605125683517e+01
1.029908617125673409e+01
1.054761640395689426e+01
1.053625767831027815e+01
1.044395440875030800e+01
1.042163602017398993e+01
1.028220596592835534e+01
1.043549752056851254e+01
1.034566522570692015e+01
1.041175105618824048e+01
1.047083167380369773e+01
1.057698003384577312e+01
1.041950662006679273e+01
1.048337920679255220e+01
1.060421383866943046e+01
1.049528235310507185e+01
1.037861217463580132e+01
1.052227905534590846e+01
1.046371104543631958e+01
1.042254133804594396e+01
1.043880335095905920e+01
1.035083043225013455e+01
1.057558639758170926e+01
1.042950482750476304e+01
1.041044431241514090e+01
1.033056222477493868e+01
1.069583999914379291e+01
1.026997610017544815e+01
1.061964556128215698e+01
1.029968686932711108e+01
1.038806765667981757e+01
1.048279564414954201e+01
1.068582449445653815e+01
1.083720986225736205e+01
1.041134430789688103e+01
1.035121102718492381e+01
1.053396346038130460e+01
1.061649820307129133e+01
1.037457424387518934e+01
1.062441605572901082e+01
1.041428389767451179e+01
1.047202242717338549e+01
1.053460746699024675e+01
1.044872189004384921e+01
1.046150401684481146e+01
1.061564587574045859e+01
1.040449180552421993e+01
1.037117186801055979e+01
1.041702833062777600e+01
1.056101234894297036e+01
1.066490339983837288e+01
1.042074734526447521e+01
1.028403677780120340e+01
1.041464577103222666e+01
1.043963544416491018e+01
1.060116588009564609e+01
1.057452577597160293e+01
1.033915254213662926e+01
1.058188656891078239e+01
1.039028829483548932e+01
1.042744868201881658e+01
1.042356877297212847e+01
1.033964875775794034e+01
1.049943326305328739e+01
1.068713498228205694e+01
1.051632539407951050e+01
1.060512772900208134e+01
1.041569729775786790e+01
1.039543711863318087e+01
1.045288639429889166e+01
1.036435087760720286e+01
1.045609222265556859e+01
1.059549435903297088e+01
1.022621152592325267e+01
1.036799468449728323e+01
1.063519078530329054e+01
1.041387410773797839e+01
1.019826157528632748e+01
1.052305955472106369e+01
1.038506971767253795e+01
1.048337158766416977e+01
1.048679833618453827e+01
1.050598681584171956e+01
1.047546904644456589e+01
1.035505151950023439e+01
1.039322371277273582e+01
1.047895539427575784e+01
1.040450670257317611e+01
1.034956083275332617e+01
1.040851497401166625e+01
1.045820736634411041e+01
1.045027986670509534e+01
1.050246204703158526e+01
1.047081056048062564e+01
1.037235153077002181e+01
1.043147549073692382e+01
1.026117458808679039e+01
1.043108175793291181e+01
1.058171632579587929e+01
1.040923635734911201e+01
1.033634719824000214e+01
1.031665768530968919e+01
1.071598741129932719e+01
1.026114401209304106e+01
1.038974810165757745e+01
1.048664720932587890e+01
1.043271064110373914e+01
1.042090019146779589e+01
1.049830204433126291e+01
1.058776192721517440e+01
1.058066763632063179e+01
1.022578254668298570e+01
1.038872552565938001e+01
1.035301121714465822e+01
1.040770761696314395e+01
1.044707844602511848e+01
1.050742542477061292e+01
1.046493545739058817e+01
1.034307276166553180e+01
1.032765083492903102e+01
1.022475448186197511e+01
1.039508432428891993e+01
1.041647566569809946e+01
1.041153575809673448e+01
1.040889709475143832e+01
1.050352152244712300e+01
1.044283127027387970e+01
1.054582533103641140e+01
1.021810624254382738e+01
1.042610277829382071e+01
1.030007166350529957e+01
1.043072862785473376e+01
1.033025754944708829e+01
1.045892087879732735e+01
1.065010844416614866e+01
1.036554524085195617e+01
1.042483395870196183e+01
1.046187676537009992e+01
1.045875545261479367e+01
1.048204770263189189e+01
1.045331206914727495e+01
1.031674157799525915e+01
1.048677402972948869e+01
1.050625413874472258e+01
1.047389627474905360e+01
1.025934690817861217e+01
1.038269023626753906e+01
1.033440670239671988e+01
1.056924153764647301e+01
1.038048228525206618e+01
1.032481873867792643e+01
1.026950483558585780e+01
1.046872797555745471e+01
1.028282494549236148e+01
1.052797934311568184e+01
1.043737251209577011e+01
1.035400455248691287e+01
1.045581484892822566e+01
1.030485028505246525e+01
1.026954687841577396e+01
1.041936233117798949e+01
1.037294867382669494e+01
1.037153007920023740e+01
1.043508607388734610e+01
1.044308406600030281e+01
1.027201888848315470e+01
1.037752712144846079e+01
1.040888531715828869e+01
1.063621616567526829e+01
1.041743667663680917e+01
1.039438558454454764e+01
1.043050271930817807e+01
1.031148036475831553e+01
1.049079017183702867e+01
1.055460029410077816e+01
1.049852523021560380e+01
1.052439179895856114e+01
1.052300899652759547e+01
1.034564854618195184e+01
1.023949121315863664e+01
1.050007799188062840e+01
1.050268192685785529e+01
1.032477922837233564e+01
1.031623398246994583e+01
1.049674127612655994e+01
1.036119153780805924e+01
1.052613302058950318e+01
1.045668673766043355e+01
1.026126638197710506e+01
1.039198640674487528e+01
1.030681003398636975e+01
1.041424968085378033e+01
1.036444733839787880e+01
1.024694096488996387e+01
1.052921696617452518e+01
1.035209548930245482e+01
1.047786849949797450e+01
1.037163873081736121e+01
1.031768672152713684e+01
1.050294639748081948e+01
1.037731670183297439e+01
1.050798677618667298e+01
1.050457014268063283e+01
1.043728978775645544e+01
1.028026242103929633e+01
1.030228711946784870e+01
1.040634743890964131e+01
1.025962348983450312e+01
1.038472065895610186e+01
1.047117220116182779e+01
1.050052270285924827e+01
1.039055825935011868e+01
1.038107414685516083e+01
1.029703801631337079e+01
1.029871313671351984e+01
1.040424326165912916e+01
1.038737821684131291e+01
1.040116929776094779e+01
1.031264742330457729e+01
1.046432927007063185e+01
1.032977752117439074e+01
1.046957566217044899e+01
1.031962360066584239e+01
1.030499593538836223e+01
1.028959318290537084e+01
1.027448492899731924e+01
1.038091822117227103e+01
1.040818478139399339e+01
1.033653714330085371e+01
1.030294660501065529e+01
1.060928149821374866e+01
1.034317469338947681e+01
1.041956528145651006e+01
1.054785479597070541e+01
1.037315443155525330e+01
1.040633223283124309e+01
1.026181524719571669e+01
1.036973958933329776e+01
1.036144956228486080e+01
1.037326973531062535e+01
1.024490302202589831e+01
1.040591830554202346e+01
1.050911512575195594e+01
1.036370460410843641e+01
1.047577264983929979e+01
1.031118870700591827e+01
1.032894840829213123e+01
1.030757861065470848e+01
1.034444569906782263e+01
1.037260013009197657e+01
1.038141111102888559e+01
1.051555346054247941e+01
1.033973442971442402e+01
1.042206859982126410e+01
1.035239709034432742e+01
1.032174884284441951e+01
1.050601479011449513e+01
1.037398641276647915e+01
1.029397377362764487e+01
1.041877529833192639e+01
1.051096432339909192e+01
1.030899429637994302e+01
1.029832881446145088e+01
1.034290530302907385e+01
1.044245845197439948e+01
1.030519231004137026e+01
1.034019335132038719e+01
1.036236147760643966e+01
1.021314524297723203e+01
1.058572625493262365e+01
1.044070226128650347e+01
1.041834003287607402e+01
1.029793114905156415e+01
1.034236245821349165e+01
1.042244355301793135e+01
1.026752666523791468e+01
1.049692367122409742e+01
1.033559750512469400e+01
1.036937883973290830e+01
1.043657399013264708e+01
1.036700404437352852e+01
1.040262258340379553e+01
1.037171022276694288e+01
1.027545012423695958e+01
1.038245895897370019e+01
1.021616450674124899e+01
1.044422756679902697e+01
1.050980870254011812e+01
1.041420226940048721e+01
1.026610428347862047e+01
1.043666958377502141e+01
1.046383740088514358e+01
1.017083579011253569e+01
1.018943455089730143e+01
1.035928247534971547e+01
1.046513053772792645e+01
1.032022801384130339e+01
1.035584292036767629e+01
1.037031496015036858e+01
1.027089983907577952e+01
1.031522047930467423e+01
1.024380826413613654e+01
1.026551852438025669e+01
1.032095424874096423e+01
1.028941665281971929e+01
1.052512739561346855e+01
1.040027223493957109e+01
1.034195707349161353e+01
1.047944452910937407e+01
1.040740125847769271e+01
1.042595803368649143e+01
1.047945135726991239e+01
1.034343094061659052e+01
1.027094469737535753e+01
1.043833692142532321e+01
1.042115297223683790e+01
1.032025430230368457e+01
1.027168760782113033e+01
1.030976168000212922e+01
1.034398864708122723e+01
1.042703308414641583e+01
1.034712893660780608e+01
1.020277713649973883e+01
1.034854303809088094e+01
1.031485064970449095e+01
1.021793199772507421e+01
1.039013711469201873e+01
1.021558740976196233e+01
1.024678473780703847e+01
1.036956376055198348e+01
1.037256038723112361e+01
1.045098090005410008e+01
1.040819006277905956e+01
1.040126650830220534e+01
1.019306169774665882e+01
1.024033419847322612e+01
1.039178694159327598e+01
1.035702677996421528e+01
1.027407526735956012e+01
1.024838261860643662e+01
1.031056438239034634e+01
1.019269131302370290e+01
1.032297782737560432e+01
1.033279926826672579e+01
1.029852756185757379e+01
1.037518351139503281e+01
1.030561923740081198e+01
1.040470573429656831e+01
1.041601642855757781e+01
1.028576340142548595e+01
1.042479477896813478e+01
1.047501205123395174e+01
1.033885722112031580e+01
1.039977975626817042e+01
1.055537470774132913e+01
1.030249897119407798e+01
1.019834276412601426e+01
1.042378590157674090e+01
1.031020676955006898e+01
1.050216925985613514e+01
1.048845178418971891e+01
1.021968934353212433e+01
1.032505177053317524e+01
1.021687144218230081e+01
1.034007385481246466e+01
1.025266758395272504e+01
1.032465217558174153e+01
1.037756124962335669e+01
1.039704477835631025e+01
1.036251111768403987e+01
1.018285192139686757e+01
1.024047592207323731e+01
1.029573907043106118e+01
1.028796201587335624e+01
1.027470548471954714e+01
1.020809597101299104e+01
1.027456150022860015e+01
1.033414593867042441e+01
1.030779457512226926e+01
1.015928242136545556e+01
1.030189729255699049e+01
1.027754893862839936e+01
1.027576873623942078e+01
1.024254730565161786e+01
1.018147608369771362e+01
1.018604350744784171e+01
1.031199147868493782e+01
1.024170930352932096e+01
1.046028969444059165e+01
1.017116305984643354e+01
1.023029751515842634e+01
1.037269947152437410e+01
1.015768878022093524e+01
1.023922853341362327e+01
1.050129117422602221e+01
1.006368547220058396e+01
1.038080348170368339e+01
1.014769628675104762e+01
1.011547686413203806e+01
1.025238047773522787e+01
1.024740170349075896e+01
1.003327029894204436e+01
1.005258307043124866e+01
1.024292989961692335e+01
