  -17.32172      -17.73831       1.249000    
  -17.30969      -18.78835       1.249000    
  -18.31607      -18.57395       1.249000    
  -18.11399      -18.32009       1.249000    
  -17.99785      -18.33149       1.504000    
  -17.99585      -18.33149       1.249000    
  -18.46995      -17.86193       1.504000    
  -18.70241      -18.55372       1.504000    
  -18.68661      -18.52983       1.504000    
  -18.70101      -18.39994       1.504000    
  -18.90292      -17.73245       1.504000    
  -18.82393      -18.58978       1.249000    
  -18.40720      -17.50209       1.504000    
  -19.37031      -18.17780       1.249000    
  -18.09204      -17.90180       1.504000    
  -18.01599      -18.58204       1.504000    
  -18.99310      -17.92151       1.504000    
  -18.67953      -18.69960       1.504000    
  -18.11164      -20.05045       1.504000    
  -19.49968      -18.41219       1.504000    
  -19.82677      -18.29028       1.504000    
  -17.87410      -18.83303       1.504000    
  -19.41485      -20.58511       1.504000    
  -20.33699      -19.38216       1.504000    
  -17.94382      -18.48662       1.504000    
  -18.58720      -21.09557       1.504000    
  -18.75953      -18.90141       1.504000    
  -17.54056      -19.17981       1.504000    
  -19.66256      -19.60837       1.504000    
  -20.18438      -18.76283       1.249000    
  -19.90891      -19.15312       1.504000    
  -17.97739      -17.67813       1.249000    
  -19.79061      -18.31744       1.249000    
  -19.80207      -17.81872       1.249000    
  -19.41149      -18.74962       1.249000    
  -20.17937      -18.42250       1.504000    
  -18.33794      -20.87082       1.504000    
  -20.30801      -18.44513       1.504000    
  -20.34635      -18.98005       1.249000    
  -20.63050      -17.51954       1.504000    
  -20.56445      -18.29274       1.249000    
  -20.47650      -19.50691       1.249000    
  -20.54730      -18.90668       1.504000    
  -19.60117      -19.29847       1.504000    
  -20.34723      -18.58228       1.249000    
  -20.72479      -17.82782       1.504000    
  -19.50311      -17.54216       1.504000    
  -21.22075      -19.03544       1.504000    
  -20.95123      -19.54545       1.249000    
  -18.83083      -18.11526       1.504000    
  -20.84520      -17.65901       1.504000    
  -19.43267      -17.75575       1.249000    
  -21.05028      -18.38988       1.249000    
  -18.37810      -18.03802       1.249000    
  -19.11266      -18.44054       1.504000    
  -21.05597      -19.78040       1.249000    
  -21.17192      -19.63925       1.249000    
  -21.85884      -20.10720       1.249000    
  -21.80413      -20.39811       1.249000    
  -20.28587      -18.06359       1.504000    
  -20.67040      -19.49671       1.249000    
  -18.58101      -18.29159       1.249000    
  -19.68334      -19.04902       1.504000    
  -19.26514      -19.02173       1.504000    
  -20.32282      -18.70268       1.504000    
  -20.09874      -16.72975       1.504000    
  -19.27425      -19.03107       1.249000    
  -19.63243      -19.57755       1.504000    
  -20.42876      -19.27275       1.504000    
  -20.37168      -19.47081       1.504000    
  -21.60619      -19.51767       1.504000    
  -20.35815      -19.32591       1.504000    
  -20.40165      -18.10151       1.504000    
  -20.64205      -19.53161       1.249000    
  -21.71412      -20.16875       1.249000    
  -19.32159      -18.18587       1.504000    
  -18.61990      -18.73378       1.249000    
  -20.86814      -19.89784       1.504000    
  -18.13799      -18.57796       1.504000    
  -18.88410      -18.68394       1.504000    
  -20.56380      -19.28589       1.504000    
  -21.98523      -20.45719       1.249000    
  -21.65770      -20.49827       1.504000    
  -22.14112      -20.24643       1.504000    
  -22.12606      -17.62945       1.504000    
  -20.81128      -19.92586       1.504000    
  -20.28882      -19.60110       1.249000    
  -17.99021      -20.63969       1.504000    
  -17.54003      -21.10242       1.249000    
  -21.35358      -20.67728       1.504000    
  -22.48942      -20.92395       1.504000    
  -21.20763      -21.00683       1.504000    
  -19.80831      -20.30980       1.249000    
  -22.50886      -22.92451       1.504000    
  -22.39599      -21.19183       1.504000    
  -21.22091      -20.90451       1.504000    
  -17.74008      -19.18413       1.504000    
  -21.70631      -18.96407       1.504000    
  -21.16619      -20.80101       1.504000    
  -19.86503      -19.98771       1.504000    
  -21.67983      -18.13389       1.504000    
  -21.48987      -21.60277       1.249000    
  -19.68409      -19.77360       1.249000    
  -21.00189      -20.20629       1.249000    
  -20.77844      -20.72432       1.249000    
  -17.73565      -18.93683       1.504000    
  -17.92165      -18.40455       1.504000    
  -20.32802      -19.37775       1.504000    
  -17.70563      -18.93683       1.249000    
  -17.92357      -18.71695       1.249000    
  -22.52240      -21.56128       1.504000    
  -19.25083      -19.95789       1.249000    
  -20.01252      -20.37146       1.249000    
  -19.63064      -20.92227       1.504000    
  -22.27677      -21.36710       1.249000    
  -18.69584      -19.01278       1.249000    
  -19.39388      -19.38627       1.504000    
  -19.65350      -20.85107       1.504000    
  -18.49468      -19.77628       1.249000    
  -18.02445      -19.73856       1.504000    
  -19.75457      -18.00452       1.504000    
  -22.19646      -20.15771       1.504000    
  -17.77123      -18.97471       1.504000    
  -22.01872      -21.79054       1.249000    
  -18.64562      -19.02304       1.504000    
  -22.68939      -23.09451       1.504000    
  -19.56766      -19.76860       1.249000    
  -18.50997      -18.87993       1.504000    
  -18.66282      -19.12194       1.249000    
  -22.31430      -22.23312       1.249000    
  -20.04189      -20.29183       1.504000    
  -19.83308      -20.84090       1.504000    
  -21.16070      -21.56505       1.504000    
  -20.69745      -17.56768       1.504000    
  -21.95645      -21.10075       1.504000    
  -22.13814      -21.80971       1.504000    
  -19.71490      -20.34665       1.504000    
  -19.66777      -19.31202       1.504000    
  -22.06388      -20.05790       1.504000    
  -22.10816      -21.12872       1.504000    
  -20.92048      -20.39696       1.249000    
  -19.53299      -20.65624       1.249000    
  -20.80759      -20.95121       1.249000    
  -22.14105      -21.56014       1.249000    
  -22.03909      -17.19260       1.249000    
  -21.59715      -21.46754       1.249000    
  -21.71198      -21.58582       1.249000    
  -22.07240      -21.48315       1.249000    
  -21.93618      -22.07085       1.249000    
  -20.64850      -20.99276       1.504000    
  -20.55904      -20.61202       1.504000    
  -19.10986      -19.76011       1.504000    
  -19.01809      -19.20661       1.504000    
  -22.54030      -21.50046       1.504000    
  -19.82295      -20.49326       1.504000    
  -21.46551      -20.82661       1.504000    
  -19.12216      -20.13934       1.249000    
  -20.69028      -20.57490       1.249000    
  -19.60165      -19.93006       1.249000    
  -18.97046      -20.59344       1.504000    
  -18.11020      -18.93456       1.504000    
  -21.09955      -20.95721       1.249000    
  -22.26432      -22.03090       1.249000    
  -21.19063      -20.92583       1.504000    
  -20.67585      -21.15398       1.504000    
  -21.52941      -21.27861       1.504000    
  -22.47675      -23.78938       1.504000    
  -21.49969      -21.11334       1.504000    
  -19.17939      -19.57751       1.249000    
  -18.08227      -19.31382       1.249000    
  -19.77928      -20.24628       1.504000    
  -19.85071      -20.24628       1.249000    
  -18.97631      -19.50375       1.249000    
  -21.66482      -21.76832       1.249000    
  -17.32890      -19.78584       1.249000    
  -16.99154      -19.49765       1.504000    
  -16.60517      -20.26069       1.504000    
  -21.31253      -21.18546       1.504000    
  -19.34071      -21.38978       1.504000    
  -19.76060      -20.94845       1.504000    
  -17.37661      -17.07550       1.504000    
  -21.72705      -24.95583       1.504000    
  -19.94773      -13.89363       1.249000    
  -20.56366      -21.14839       1.249000    
  -17.39371      -21.15044       1.249000    
  -18.94830      -19.44773       1.504000    
  -21.38089      -21.60296       1.504000    
  -20.24388      -20.81658       1.504000    
  -21.51514      -23.63172       1.504000    
  -20.55658      -21.01320       1.249000    
  -20.55356      -22.42198       1.504000    
  -22.08594      -22.07787       1.249000    
  -22.80841      -23.34312       1.504000    
  -22.30493      -22.72569       1.504000    
  -18.02037      -19.29284       1.504000    
  -20.06773      -21.00493       1.504000    
  -21.80730      -21.98069       1.504000    
  -21.70616      -22.09112       1.504000    
  -20.62723      -20.89196       1.504000    
  -17.54765      -18.82653       1.504000    
  -22.76271      -22.27869       1.504000    
  -21.41042      -21.99299       1.504000    
  -23.27236      -21.65382       1.504000    
  -18.11080      -19.12308       1.249000    
  -19.08905      -18.76466       1.249000    
  -21.99150      -22.71835       1.249000    
  -18.98780      -18.40305       1.249000    
  -18.22895      -19.83515       1.249000    
  -22.94337      -22.37135       1.249000    
  -23.21820      -19.68384       1.249000    
  -23.12909      -21.76401       1.249000    
  -22.76901      -23.59153       1.504000    
  -22.56188      -22.65246       1.504000    
  -21.55742      -22.14898       1.504000    
  -21.75160      -22.81303       1.249000    
  -20.16628      -20.46752       1.504000    
  -21.37938      -21.63339       1.504000    
  -21.56141      -22.15420       1.249000    
  -23.26437      -21.46907       1.504000    
  -19.96404      -20.24345       1.504000    
  -19.91511      -20.58558       1.504000    
  -18.71713      -19.29631       1.504000    
  -22.38445      -23.34094       1.504000    
  -19.88140      -20.22297       1.504000    
  -20.09713      -24.56903       1.504000    
  -19.83572      -19.97589       1.249000    
  -23.00897      -20.93375       1.249000    
  -24.09918      -27.25227       1.249000    
  -21.59936      -24.84541       1.504000    
  -19.33412      -19.06991       1.504000    
  -19.42117      -25.01676       1.504000    
  -22.32851      -23.27789       1.504000    
  -22.40341      -21.64870       1.504000    
  -22.06569      -22.85800       1.504000    
  -19.18721      -20.42253       1.504000    
  -19.89678      -19.85688       1.504000    
  -20.34385      -20.52576       1.504000    
  -22.29419      -23.32252       1.504000    
  -19.65412      -20.26679       1.504000    
  -22.15002      -22.93744       1.504000    
  -20.55191      -20.86645       1.504000    
  -20.78947      -21.44611       1.504000    
  -20.32667      -20.94284       1.504000    
  -20.06709      -20.38123       1.504000    
  -20.21890      -19.83179       1.504000    
  -21.15379      -22.16376       1.504000    
  -20.42735      -21.47593       1.504000    
  -22.00915      -14.33385       1.504000    
  -21.19165      -21.58203       1.504000    
  -20.37209      -21.85081       1.504000    
  -21.33348      -22.22436       1.504000    
  -20.42958      -22.09313       1.504000    
  -22.33306      -22.93800       1.249000    
  -19.47493      -19.78720       1.249000    
  -20.89246      -21.61462       1.249000    
  -19.28274      -20.61599       1.249000    
  -21.00675      -21.28253       1.249000    
  -23.33693      -21.81331       1.249000    
  -22.24193      -23.65795       1.249000    
  -22.13831      -23.27770       1.249000    
  -21.79722      -22.22146       1.249000    
  -18.88758      -20.15428       1.249000    
  -18.92659      -19.64458       1.249000    
  -20.84580      -18.90346       1.249000    
  -21.62768      -22.30882       1.504000    
  -22.31127      -22.81290       1.504000    
  -21.29369      -22.11330       1.504000    
  -21.86409      -22.24261       1.504000    
  -22.18068      -22.52300       1.504000    
  -22.68835      -23.63546       1.504000    
  -20.97699      -22.00170       1.249000    
  -19.34050      -19.37201       1.504000    
  -22.22992      -23.19770       1.504000    
  -22.35490      -23.23163       1.504000    
  -20.25610      -19.82426       1.504000    
  -22.19172      -22.91678       1.504000    
  -24.57211      -24.54093       1.504000    
  -19.64806      -19.46790       1.504000    
  -22.68099      -23.56053       1.504000    
  -21.38686      -21.47905       1.504000    
  -19.78299      -20.96041       1.504000    
  -22.42556      -23.33130       1.504000    
  -20.71179      -21.92565       1.504000    
  -20.82449      -21.89044       1.504000    
  -20.02839      -20.61450       1.504000    
  -19.97992      -20.19408       1.504000    
  -19.09339      -20.20698       1.504000    
  -21.41316      -22.37193       1.504000    
  -18.97894      -20.47839       1.504000    
  -22.43215      -23.67272       1.504000    
  -21.50512      -22.21465       1.504000    
  -23.05984      -23.00170       1.504000    
  -19.96894      -20.30685       1.504000    
  -19.74169      -20.89301       1.504000    
  -21.91704      -22.69247       1.504000    
  -19.18522      -20.47930       1.504000    
  -22.09177      -23.16119       1.504000    
  -21.40919      -22.47920       1.504000    
  -19.99329      -21.69956       1.504000    
  -21.71819      -22.50807       1.504000    
  -22.02229      -22.79737       1.504000    
  -23.48543      -23.30964       1.504000    
  -19.95014      -20.59539       1.504000    
  -19.99363      -20.27610       1.504000    
  -22.30654      -22.14171       1.504000    
  -23.34039      -22.20550       1.504000    
  -19.42512      -20.52962       1.504000    
  -24.03686      -23.77216       1.504000    
  -21.60771      -22.55229       1.504000    
  -19.28456      -20.26326       1.249000    
  -19.82001      -20.41369       1.249000    
  -19.56061      -20.96248       1.249000    
  -22.31764      -23.28620       1.249000    
  -22.27052      -23.77130       1.249000    
  -21.05421      -13.14105       1.249000    
  -21.29108      -22.36070       1.249000    
  -22.24425      -23.14881       1.249000    
  -22.48847      -23.01787       1.249000    
  -19.48701      -19.99437       1.249000    
  -22.07724      -14.13590       1.249000    
  -22.41267      -23.83041       1.249000    
  -23.57248      -21.78528       1.249000    
  -22.33141      -23.79147       1.249000    
  -22.15998      -22.92303       1.249000    
  -22.16223      -23.54066       1.249000    
  -21.02255      -21.59471       1.249000    
  -20.08758      -20.95670       1.249000    
  -22.85401      -22.32663       1.249000    
  -22.96681      -23.03131       1.249000    
  -20.48936      -21.95297       1.249000    
  -20.53740      -21.24568       1.249000    
  -22.67825      -21.32016       1.249000    
  -21.51041      -22.64097       1.249000    
  -19.50738      -21.00294       1.249000    
  -20.47259      -20.70442       1.249000    
  -22.41383      -23.76437       1.249000    
  -22.37590      -23.15939       1.249000    
  -22.02646      -17.11213       1.249000    
  -19.59140      -20.58721       1.249000    
  -20.59716      -22.28551       1.249000    
  -22.79245      -22.76822       1.249000    
  -20.50250      -22.14207       1.504000    
  -20.71146      -21.60259       1.249000    
  -21.41327      -22.29394       1.249000    
  -21.21519      -20.60515       1.504000    
  -22.41928      -23.01031       1.504000    
  -20.61209      -22.15401       1.249000    
  -24.44203      -24.49074       1.504000    
  -21.75103      -22.80533       1.249000    
  -22.46336      -23.68564       1.504000    
  -19.70647      -20.68010       1.504000    
  -19.55099      -20.73162       1.249000    
