#Field XID z zsys fsys logLHa logLHadr e_logLHa FWHMHa e_FWHMHa logMHa e_logMHa logLHb logLHbdr e_logLHb logL5100 logL5100dr logL5100cr e_logL5100 FWHMHb e_FWHMHb logMHb e_logMHb
COSMOS CID1028 1.444 1.449804 Ha 42.972687 42.97269 0.07284851 1402.1711 131.03981 7.489108 0.07897739 0 0 0 0 0 0 0 0 0 0 0
COSMOS CID1031 1.358 1.358858 Ha 42.91975 42.91975 0.0533803 4038.7168 957.1773 8.437716 0.2633226 0 0 0 0 0 0 0 0 0 0 0
COSMOS CID1044 1.56 1.55886 O3 43.738064 43.73806 0.007158399 4481.164 95.65384 8.926219 0.01811873 43.259686 43.25969 0.03285388 45.211143 45.21114 45.21114 0.006893065 5278.928 334.0512 8.960663 0.05439719
COSMOS CID1078 1.478 1.477279 Ha 43.106377 43.45755 0.044390276 3418.6729 4128.8965 8.542402 0.4954425 0 0 0 0 0 0 0 0 0 0 0
COSMOS CID108 1.258 1.257446 Ha 43.442142 43.44214 0.019509412 4615.7 321.47174 8.811412 0.05939708 0 0 0 0 0 0 0 0 0 0 0
COSMOS CID1081 0.998 0.9967795 Ha 42.84453 42.84453 0.2 2064.9133 3939.8235 7.783966 0.6 0 0 0 0 0 0 0 0 0 0 0
COSMOS CID110 0.73 0.7283133 Ha 42.71119 42.71119 0.05949521 4258.7695 358.71112 8.386454 0.08565682 0 0 0 0 0 0 0 0 0 0 0
COSMOS CID1111 1.173 1.171176 Ha 42.87224 42.87224 0.063239545 1609.2197 377.07883 7.567699 0.210763 0 0 0 0 0 0 0 0 0 0 0
COSMOS CID112 1.319 1.320935 O3 44.006847 44.00685 0.039451502 4330.9277 472.66818 9.023838 0.093421 43.52696 43.52696 0.027603257 45.22872 45.22872 45.22872 0.0025483354 5421.344 411.06784 8.992575 0.06545877
COSMOS CID1129 1.312 1.329606 Ha 43.158577 43.15858 0.023609646 10011.263 470.0788 9.388153 0.04210813 0 0 0 0 0 0 0 0 0 0 0
COSMOS CID1141 1.658014 1.658563 Ha 43.08405 43.08405 0.0832771 8537.545 3309.9539 9.20577 0.3517989 0 0 0 0 0 0 0 0 0 0 0
COSMOS CID1174 1.55 1.540713 O3 43.432373 43.43237 0.021256242 1906.3037 198.84918 7.992546 0.09057106 43.348248 43.34825 0.06804673 44.762432 44.76243 44.72757 0.03837219 5898.264 1200.4757 8.815231 0.171668
COSMOS CID1186 0.993 0.9931184 Ha 42.775475 42.77547 0.16807637 8616.818 5318.599 9.066163 0.4570334 0 0 0 0 0 0 0 0 0 0 0
COSMOS CID119 1.5 1.503125 O3 43.400204 43.4002 0.02045661 4734.81 343.49 8.814739 0.06312664 0 0 0 0 0 0 0 0 0 0 0
COSMOS CID1194 1.313993 1.314349 Ha 42.947273 42.94727 0.08731656 2283.2246 553.61017 7.925814 0.1504167 0 0 0 0 0 0 0 0 0 0 0
COSMOS CID120 1.001 1.00218 Ha 42.223267 42.36646 0.24432465 1948.0725 1087.5354 7.500865 0.2888218 0 0 0 0 0 0 0 0 0 0 0
COSMOS CID1215 2.442692 2.446891 O3 0 0 0 0 0 0 0 43.091045 43.09105 0.10403579 45.03448 45.03448 45.03316 0.012098607 9991.007 2907.1355 9.425797 0.2044556
COSMOS CID1230 0.7526538 0.7586051 Ha 42.82794 42.91475 0.06667783 6795.35 916.7376 8.914367 0.1188727 0 0 0 0 0 0 0 0 0 0 0
COSMOS CID128 1.403387 1.408853 Ha 43.80817 43.80817 0.015073823 8084.465 346.15875 9.503142 0.03663277 43.25384 43.25384 0.048181828 45.137928 45.13793 45.13793 0.008476864 9290.922 725.1419 9.415082 0.06555203
COSMOS CID1281 1.444 1.445396 O3 43.15265 43.23945 0.020332424 1619.4891 88.448814 7.749819 0.05685147 0 0 0 0 0 0 0 0 0 0 0
COSMOS CID142 0.698 0.698851 Ha 43.566055 43.56606 0.007112274 2468.682 35.02456 8.294733 0.0131336 0 0 0 0 0 0 0 0 0 0 0
COSMOS CID157 1.334 1.33101 Ha 42.98881 42.98881 0.020148546 5373.4487 438.31818 8.733766 0.08056022 0 0 0 0 0 0 0 0 0 0 0
COSMOS CID1594 0.958 0.957997 Ha 42.96713 42.96713 0.0413905 4776.2183 423.86038 8.614881 0.07816045 0 0 0 0 0 0 0 0 0 0 0
COSMOS CID1609 1.004 1.002081 Ha 43.03999 43.03999 0.098182514 4683.7646 1423.1047 8.631857 0.2526612 0 0 0 0 0 0 0 0 0 0 0
COSMOS CID162 2.45825 2.457834 O3 0 0 0 0 0 0 0 43.59373 43.59373 0.035536855 45.13135 45.13135 45.25543 0.016388953 7649.0977 621.0683 9.304936 0.06625927
COSMOS CID1624 1.346 1.345279 O3 43.37972 43.49255 0.025653744 9055.433 599.76587 9.456073 0.0592755 0 0 0 0 0 0 0 0 0 0 0
COSMOS CID1643 0.946 0.9423509 Ha 42.79772 42.79772 0.047297083 3412.2646 365.289 8.223957 0.127365 0 0 0 0 0 0 0 0 0 0 0
COSMOS CID166 2.448 2.458627 O3 0 0 0 0 0 0 0 44.199272 44.19927 0.01667002 46.009907 46.00991 46.00991 0.003799856 5037.2373 311.48465 9.319338 0.05292578
COSMOS CID1666 2.055 2.054793 O3 0 0 0 0 0 0 0 43.957382 43.95738 0.03475172 45.43424 45.43424 45.43424 0.013161601 14227.815 824.0929 9.933395 0.04694911
COSMOS CID1702 1.680215 1.679846 Hb 0 0 0 0 0 0 0 42.521935 42.52193 0.08652758 44.708904 44.7089 44.66419 0.025484849 2828.3484 328.9823 8.14516 0.1041657
COSMOS CID171 0.7 0.7053062 Ha 42.43016 42.43016 0.07036668 4578.2383 1939.6005 8.318157 0.3019966 0 0 0 0 0 0 0 0 0 0 0
COSMOS CID178 1.356 1.355638 Ha 43.76242 43.76242 0.010191061 4593.5317 160.2106 8.960712 0.03024333 0 0 0 0 0 0 0 0 0 0 0
COSMOS CID192 1.22 1.220132 Ha 43.271797 43.2718 0.013864681 2417.8284 103.09826 8.134325 0.03504759 0 0 0 0 0 0 0 0 0 0 0
COSMOS CID1930 1.566424 1.566184 O3 43.582108 43.58211 0.02378131 6135.348 364.79993 9.140631 0.05200648 0 0 0 0 0 0 0 0 0 0 0
COSMOS CID201 1.493 1.494768 Ha 43.498672 43.91909 0.00765787 3521.9683 96.93667 8.791347 0.02469437 0 0 0 0 0 0 0 0 0 0 0
COSMOS CID206 1.481 1.482659 Ha 43.477604 43.4776 0.024257626 3333.5527 230.57463 8.528813 0.07280847 0 0 0 0 0 0 0 0 0 0 0
COSMOS CID208 1.241 1.24134 O3 44.22587 44.22587 0.0036712484 5907.2183 62.95321 9.414749 0.00955709 43.66945 43.66945 0.023432733 45.55877 45.55877 45.55877 0.004706076 7897.1616 473.62323 9.484326 0.05131437
COSMOS CID216 1.566 1.565879 Ha 42.845085 42.84509 0.2 2229.5232 2530.0132 7.85485 0.1 0 0 0 0 0 0 0 0 0 0 0
COSMOS CID220 1.035 1.042468 Ha 42.803772 42.80377 0.024753403 3858.3745 1506.8262 8.339988 0.2360093 0 0 0 0 0 0 0 0 0 0 0
COSMOS CID222 1.351 1.353288 Ha 43.396915 43.39692 0.027204344 3441.0525 214.00275 8.519305 0.06158759 0 0 0 0 0 0 0 0 0 0 0
COSMOS CID237 1.625 1.629714 Ha 43.855465 43.85546 0.022567699 2112.3306 139.32732 8.290118 0.05763604 0 0 0 0 0 0 0 0 0 0 0
COSMOS CID238 0.829286 0.8320341 Ha 42.194427 42.19443 0.09864241 2075.6763 855.79486 7.476704 0.2995126 0 0 0 0 0 0 0 0 0 0 0
COSMOS CID247 2.419384 2.39089 Hb 0 0 0 0 0 0 0 43.17325 43.17325 0.17093854 44.997253 44.99725 44.99295 0.027897188 3530.8545 7822.8213 8.502236 0.7201988
COSMOS CID255 1.661 1.664914 O3 43.9924 43.9924 0.0129762 1932.0933 52.012875 8.273732 0.02149847 43.43999 43.43999 0.054614436 45.37122 45.37122 45.37122 0.020056851 3709.241 626.52924 8.734179 0.145783
COSMOS CID259 1.679 1.678996 Ha 43.51414 43.51414 0.06908352 6507.417 989.1726 9.162214 0.1528266 0 0 0 0 0 0 0 0 0 0 0
COSMOS CID260 0.83419 0.833662 Ha 42.53159 42.53159 0.031615715 3415.9968 511.49536 8.09722 0.1293042 0 0 0 0 0 0 0 0 0 0 0
COSMOS CID266 1.149 1.146803 Ha 42.293163 42.29316 0.2 4127.568 1495.8041 8.15699 0.1 0 0 0 0 0 0 0 0 0 0 0
COSMOS CID291 2.026 2.02229 O3 0 0 0 0 0 0 0 43.809517 43.80952 0.050935026 45.195026 45.19503 45.19503 0.013041388 16921.836 1919.1759 9.964408 0.1194359
COSMOS CID296 0.91 0.9119756 Ha 42.68812 42.68812 0.040819544 4483.8916 722.94946 8.422808 0.1469018 0 0 0 0 0 0 0 0 0 0 0
COSMOS CID305 1.571 1.570209 O3 43.865627 43.86563 0.021080697 2838.5103 264.42468 8.567053 0.09189828 43.244766 43.24477 0.14550175 44.933136 44.93314 44.92253 0.09319332 6649.1855 4311.093 9.016803 0.2925151
COSMOS CID322 1.187 1.185364 Ha 43.279774 43.27977 0.03775939 3032.5522 285.2075 8.346725 0.06963561 0 0 0 0 0 0 0 0 0 0 0
COSMOS CID3242 1.53 1.526949 O3 43.833225 43.83323 0.02003924 2543.2202 433.32004 8.450362 0.1294473 43.30086 43.30086 0.095710896 45.098907 45.09891 45.09891 0.011343776 3774.503 804.63727 8.613173 0.1729395
COSMOS CID329 1.024 1.02261 O3 43.39165 43.39165 0.010390387 9424.151 213.37929 9.444386 0.01933214 0 0 0 0 0 0 0 0 0 0 0
COSMOS CID3395 2.276 2.272573 O3 0 0 0 0 0 0 0 43.589016 43.58902 0.041245367 45.345695 45.3457 45.3457 0.03945406 4779.2026 436.5697 8.941559 0.05249488
COSMOS CID346 2.194 2.184727 O3 0 0 0 0 0 0 0 43.633194 43.63319 0.027537255 45.591396 45.5914 45.5914 0.012042206 4383.2773 142.0051 8.989296 0.02417974
COSMOS CID352 2.498 2.498972 O3 0 0 0 0 0 0 0 43.795113 43.79511 0.016885538 45.75601 45.75601 45.75601 0.0057394155 3891.1 169.47537 8.968149 0.03707081
COSMOS CID356 1.033 1.032501 Ha 42.399582 42.39958 0.035519775 2031.459 193.37378 7.555352 0.0805209 0 0 0 0 0 0 0 0 0 0 0
COSMOS CID3570 1.244 1.242593 O3 43.024883 43.16374 0.032639895 1958.8551 149.60374 7.888641 0.06250499 0 0 0 0 0 0 0 0 0 0 0
COSMOS CID361 1.178 1.177565 Ha 43.48464 43.48464 0.042452477 3771.88 385.62708 8.645929 0.09069492 0 0 0 0 0 0 0 0 0 0 0
COSMOS CID369 1.171 1.17599 Ha 42.809326 42.80933 0.12840158 3931.3777 1920.8612 8.359912 0.3453261 0 0 0 0 0 0 0 0 0 0 0
COSMOS CID389 1.537 1.537035 Ha 43.468998 43.469 0.02973094 5234.2183 392.68515 8.940084 0.06964144 0 0 0 0 0 0 0 0 0 0 0
COSMOS CID395 2.179 2.182402 O3 0 0 0 0 0 0 0 44.007114 44.00711 0.03736945 45.87563 45.87563 45.87563 0.019811248 6931.6797 461.40955 9.529491 0.04629438
COSMOS CID40 1.515 1.53425 Hb 0 0 0 0 0 0 0 42.78559 42.78559 0.10443017 44.86547 44.86547 44.84656 0.012303968 4997.951 1028.1267 8.730863 0.237497
COSMOS CID403 1.729 1.738552 Hb 0 0 0 0 0 0 0 43.15286 43.15286 0.07323632 45.002777 45.00278 44.99895 0.04983751 3429.8018 782.9885 8.480014 0.1486627
COSMOS CID434 1.529812 1.530536 Ha 43.20087 43.44377 0.04065955 4049.1692 430.45358 8.691625 0.1013195 0 0 0 0 0 0 0 0 0 0 0
COSMOS CID445 1.258 1.257889 Ha 43.10187 43.10187 0.04383855 4067.1067 1352.5255 8.531584 0.1970721 0 0 0 0 0 0 0 0 0 0 0
COSMOS CID446 0.686 0.6871018 Ha 42.676064 42.67606 0.0132709285 1743.9313 74.83223 7.547553 0.03847557 0 0 0 0 0 0 0 0 0 0 0
COSMOS CID452 1.406 1.404347 O3 42.922977 42.92298 0.07891494 3457.8801 445.02472 8.296307 0.1277778 42.598644 42.59864 0.13353652 44.633533 44.63353 44.57318 0.0134214545 3127.3306 2811.9937 8.186938 0.343418
COSMOS CID454 1.478 1.484072 Ha 43.344658 43.34466 0.01869238 2824.2693 192.57642 8.312357 0.05903246 0 0 0 0 0 0 0 0 0 0 0
COSMOS CID463 1.323 1.325672 O3 42.769512 42.86933 0.058144595 5437.7495 965.2108 8.687367 0.1447234 0 0 0 0 0 0 0 0 0 0 0
COSMOS CID47 2.159 2.163075 O3 0 0 0 0 0 0 0 43.585236 43.58524 0.025532003 45.560295 45.5603 45.5603 0.0111526735 4088.87 257.14548 8.913354 0.05087267
COSMOS CID475 0.85 0.8422191 Ha 43.032658 43.03266 0.022244496 4613.7285 244.76506 8.614466 0.04629695 0 0 0 0 0 0 0 0 0 0 0
COSMOS CID492 0.9631142 0.9666153 Ha 43.362434 43.36243 0.016170949 6197.659 213.66443 9.044491 0.02967907 0 0 0 0 0 0 0 0 0 0 0
COSMOS CID499 1.454 1.454372 O3 43.885387 43.88539 0.011572603 5929.211 185.90399 9.25474 0.02783591 43.40162 43.40162 0.021403532 45.12833 45.12833 45.12833 0.006614361 5545.3125 423.7021 8.962017 0.06284061
COSMOS CID50 1.236 1.232544 O3 43.93786 43.93786 0.09207234 2339.9104 852.13513 8.423875 0.2168112 43.473965 43.47396 0.021021795 45.32766 45.32766 45.32766 0.0072549726 1938.5676 182.70532 8.148791 0.07995515
COSMOS CID501 0.909 0.9088808 Ha 42.906963 42.90696 0.10144942 2507.8538 580.52057 7.992863 0.1674813 0 0 0 0 0 0 0 0 0 0 0
COSMOS CID508 1.528 1.52692 O3 42.786793 42.78679 0.1883219 2393.246 663.9222 7.892114 0.3437844 0 0 0 0 0 0 0 0 0 0 0
COSMOS CID509 1.021 1.020566 Ha 43.150246 43.15025 0.08943186 12644.089 3987.7893 9.599119 0.2360026 0 0 0 0 0 0 0 0 0 0 0
COSMOS CID510 1.131 1.128302 Ha 43.63279 43.63279 0.05839384 3806.3362 581.974 8.725414 0.1186857 0 0 0 0 0 0 0 0 0 0 0
COSMOS CID512 1.516061 1.51569 Ha 43.337875 43.33788 0.028185159 5910.527 1345.3928 8.989028 0.2268194 0 0 0 0 0 0 0 0 0 0 0
COSMOS CID536 0.882 0.8804855 Ha 43.16405 43.16405 0.01649155 2051.6406 69.586784 7.931399 0.02697585 0 0 0 0 0 0 0 0 0 0 0
COSMOS CID54 0.971 0.9753205 Ha 43.178165 43.17817 0.027952073 13128.609 791.5653 9.647143 0.05295767 0 0 0 0 0 0 0 0 0 0 0
COSMOS CID543 1.298 1.298522 Ha 43.574043 43.57404 0.028569479 2188.8447 267.27774 8.187797 0.09981322 0 0 0 0 0 0 0 0 0 0 0
COSMOS CID548 1.639 1.638996 Ha 43.312508 43.31251 0.077299096 7275.966 820.90283 9.168212 0.1483144 0 0 0 0 0 0 0 0 0 0 0
COSMOS CID553 0.827 0.8290567 Ha 42.357925 42.35793 0.08949423 2196.8757 1741.9708 7.607432 0.448077 0 0 0 0 0 0 0 0 0 0 0
COSMOS CID560 1.32 1.320315 Ha 42.692642 42.96587 0.044839244 1850.8784 242.17216 7.741459 0.1255998 0 0 0 0 0 0 0 0 0 0 0
COSMOS CID566 1.458783 1.463416 Ha 42.78919 42.78919 0.04874329 2554.6902 214.69403 7.953367 0.07041851 0 0 0 0 0 0 0 0 0 0 0
COSMOS CID581 1.708 1.707996 Ha 43.534534 43.53453 0.060379814 2884.9404 404.1448 8.423067 0.1376759 0 0 0 0 0 0 0 0 0 0 0
COSMOS CID589 1.515394 1.514077 Ha 43.5764 43.69791 0.033109926 5695.4907 973.16943 9.127723 0.1581184 0 0 0 0 0 0 0 0 0 0 0
COSMOS CID597 1.271 1.272449 Ha 43.32955 43.32955 0.10214504 1656.3296 188.1697 7.813776 0.1017067 0 0 0 0 0 0 0 0 0 0 0
COSMOS CID600 0.838 0.8377732 Ha 42.710274 42.87515 0.04003994 8526.539 791.7668 9.104312 0.08348326 0 0 0 0 0 0 0 0 0 0 0
COSMOS CID607 1.295 1.294432 O3 43.670788 43.67079 0.010519451 3009.1816 87.961266 8.527288 0.02649103 43.08886 43.08886 0.14085045 44.782093 44.78209 44.75058 0.028952742 4241.526 4276.1997 8.540334 0.4555157
COSMOS CID609 1.407 1.40432 Ha 43.31296 43.31296 0.054790594 6860.804 867.9038 9.114337 0.1099202 0 0 0 0 0 0 0 0 0 0 0
COSMOS CID627 1.04133 1.040997 Ha 42.89854 42.89854 0.017006358 5519.148 272.58926 8.715068 0.04411505 0 0 0 0 0 0 0 0 0 0 0
COSMOS CID632 0.826 0.8249416 Ha 42.940998 43.17957 0.021707386 2532.077 246.49995 8.132563 0.07101677 0 0 0 0 0 0 0 0 0 0 0
COSMOS CID642 1.369 1.369754 Ha 43.16709 43.16709 0.025759114 4224.3535 210.44153 8.597816 0.0446581 0 0 0 0 0 0 0 0 0 0 0
COSMOS CID643 2.03 2.023926 O3 0 0 0 0 0 0 0 43.858196 43.8582 0.024014529 45.620117 45.62012 45.62012 0.011064491 7745.3306 515.393 9.498138 0.05694119
COSMOS CID644 0.9854594 0.9849668 Ha 42.881107 42.88111 0.053347692 4875.3286 286.3915 8.5925 0.05096418 0 0 0 0 0 0 0 0 0 0 0
COSMOS CID649 1.368 1.375067 Ha 42.833603 43.18478 0.12642844 3068.3264 2048.6904 8.311926 0.4208764 0 0 0 0 0 0 0 0 0 0 0
COSMOS CID65 0.894 0.8945165 Ha 42.749954 42.74995 0.020404533 4983.4756 332.76254 8.549747 0.05942507 0 0 0 0 0 0 0 0 0 0 0
COSMOS CID66 1.512 1.510927 O3 43.013943 43.01394 0.082696885 1794.7142 1053.9653 7.736163 0.3427207 0 0 0 0 0 0 0 0 0 0 0
COSMOS CID668 0.969 0.9657576 Ha 43.29688 43.53111 0.07200942 4641.7637 948.8204 8.859303 0.1931592 0 0 0 0 0 0 0 0 0 0 0
COSMOS CID69 0.9807224 0.9823248 Ha 43.060932 43.06093 0.012953262 3257.4587 99.57914 8.30755 0.02455602 0 0 0 0 0 0 0 0 0 0 0
COSMOS CID70 1.649913 1.649979 O3 43.50531 43.50531 0.01184776 2480.4058 104.30758 8.269937 0.03811967 43.154663 43.15466 0.08990753 45.158195 45.1582 45.1582 0.014871965 3981.8574 745.2124 8.689269 0.1918476
COSMOS CID71 0.728 0.7285765 Ha 42.71057 42.71057 0.028412452 2748.5146 78.96922 7.982962 0.0254417 0 0 0 0 0 0 0 0 0 0 0
COSMOS CID72 2.471958 2.472042 O3 0 0 0 0 0 0 0 43.13011 43.13011 0.20618661 45.118137 45.11814 45.11814 0.016173378 2670.0166 5193.7217 8.322097 0.6716842
COSMOS CID74 0.696 0.6946798 Ha 42.9423 42.9423 0.09896044 2001.7069 481.47092 7.802272 0.1935174 0 0 0 0 0 0 0 0 0 0 0
COSMOS CID746 1.008 1.011058 Ha 43.236706 43.33653 0.072527744 9618.1 1191.2728 9.436683 0.1069774 0 0 0 0 0 0 0 0 0 0 0
COSMOS CID79 0.979 0.9808058 Ha 42.74161 42.88047 0.03834895 7572.7666 421.86185 8.997645 0.04624655 0 0 0 0 0 0 0 0 0 0 0
COSMOS CID824 1.675811 1.675996 Ha 42.96313 42.96313 0.11078417 5264.986 1074.1326 8.702665 0.2498818 0 0 0 0 0 0 0 0 0 0 0
COSMOS CID87 1.598 1.602544 O3 42.91798 43.18254 0.12426058 4036.6301 2012.5908 8.563381 0.3726781 0 0 0 0 0 0 0 0 0 0 0
COSMOS CID933 2.483 2.492917 O3 0 0 0 0 0 0 0 43.687813 43.68781 0.04468132 45.008858 45.00886 45.00554 0.1 2841.3635 330.40475 8.319823 0.3
COSMOS CID935 0.891 0.8952892 Ha 42.860054 43.06395 0.025615035 5193.8584 321.60413 8.738535 0.05202121 0 0 0 0 0 0 0 0 0 0 0
COSMOS CID954 1.936 1.930231 O3 0 0 0 0 0 0 0 43.447353 43.44735 0.102893874 44.976254 44.97625 44.97005 0.008327789 7469.5503 3009.5117 9.141616 0.2989312
COSMOS LID1273 1.621981 1.620638 Ha 43.610012 43.61001 0.016128628 3223.8484 100.84169 8.56156 0.02275309 0 0 0 0 0 0 0 0 0 0 0
COSMOS LID1538 1.527 1.525264 Ha 43.59594 43.59594 0.01869392 2941.422 139.60573 8.470392 0.04033516 0 0 0 0 0 0 0 0 0 0 0
COSMOS LID1550 1.414 1.413702 Ha 42.96358 42.96358 0.026410725 1391.809 132.06673 7.477908 0.08544516 0 0 0 0 0 0 0 0 0 0 0
COSMOS LID1565 1.592507 1.593273 Ha 43.55068 43.98407 0.023207495 3446.2556 189.80312 8.802528 0.04625866 0 0 0 0 0 0 0 0 0 0 0
COSMOS LID1590 1.595908 1.595996 Ha 43.37299 43.37299 0.026646337 4956.9707 236.48325 8.843894 0.04029788 0 0 0 0 0 0 0 0 0 0 0
COSMOS LID1596 1.506675 1.50658 O3 43.815144 43.81514 0.0087955 6003.278 118.33385 9.232452 0.01450287 43.501545 43.50154 0.029218616 45.18795 45.18795 45.18795 0.009267446 6844.957 465.0282 9.174717 0.05674433
COSMOS LID1607 1.507567 1.509868 Ha 44.138386 44.13839 0.0016309939 2711.4182 13.537883 8.655802 0.004521607 0 0 0 0 0 0 0 0 0 0 0
COSMOS LID1622 1.515779 1.523355 Ha 43.56249 43.56249 0.0051810867 2973.2378 54.64444 8.464241 0.01484907 0 0 0 0 0 0 0 0 0 0 0
COSMOS LID1639 1.470696 1.472765 Ha 43.996513 44.17006 0.004285093 1950.9542 17.34292 8.367954 0.01280328 0 0 0 0 0 0 0 0 0 0 0
COSMOS LID1646 1.47 1.46998 O3 43.944443 44.35188 0.008185965 7436.4434 102.77417 9.687197 0.01245145 0 0 0 0 0 0 0 0 0 0 0
COSMOS LID1820 1.545 1.536443 O3 43.614803 43.6148 0.019443592 3185.8613 239.20914 8.552946 0.06336538 43.00419 43.00419 0.08089396 44.807823 44.80782 44.78048 0.05 2944.7766 420.46826 8.238342 0.175
COSMOS LID1856 0.735 0.7326451 Ha 42.892643 43.13988 0.054893285 6554.926 1023.27155 8.989264 0.1779076 0 0 0 0 0 0 0 0 0 0 0
COSMOS LID1878 1.603 1.609034 Ha 44.06196 44.06196 0.0061051473 2271.2617 40.25694 8.456026 0.01661688 43.47615 43.47615 0.05955771 45.504665 45.50467 45.50467 0.008404072 2657.8386 692.8208 8.51139 0.1978081
COSMOS LID296 1.591547 1.592193 Ha 43.061634 43.06163 0.10123577 4983.3784 2106.6523 8.699335 0.2953108 0 0 0 0 0 0 0 0 0 0 0
COSMOS LID360 1.579 1.582554 O3 43.880905 43.88091 0.03752822 2481.7253 234.35605 8.450712 0.08075573 43.240654 43.24065 0.019061258 45.08676 45.08676 45.08676 0.011657428 2868.8992 117.04446 8.368812 0.03520884
COSMOS LID367 0.7291349 0.7283652 Ha 42.32813 42.32813 0.04167492 1761.2362 141.83058 7.389635 0.07400386 0 0 0 0 0 0 0 0 0 0 0
COSMOS LID381 0.7660575 0.7659973 Ha 43.304714 43.30471 0.011392053 1246.35 67.49985 7.54002 0.04734998 0 0 0 0 0 0 0 0 0 0 0
COSMOS LID395 1.610612 1.610797 Ha 43.546825 43.54683 0.029948292 4205.0654 222.26125 8.775874 0.05501854 0 0 0 0 0 0 0 0 0 0 0
COSMOS LID417 1.459753 1.460109 Ha 43.393852 43.39385 0.071274966 5607.2163 1702.1006 8.967393 0.2284606 0 0 0 0 0 0 0 0 0 0 0
COSMOS LID430 2.114 2.113415 O3 0 0 0 0 0 0 0 44.042492 44.04249 0.015050086 45.901493 45.90149 45.90149 0.00439954 3399.924 157.23077 8.923685 0.03851871
COSMOS LID449 1.563535 1.564152 Ha 43.272026 43.44124 0.045578036 6235.531 1641.2699 9.087926 0.1838611 0 0 0 0 0 0 0 0 0 0 0
COSMOS LID491 2.541854 2.540416 O3 0 0 0 0 0 0 0 43.894604 43.8946 0.01423699 45.74939 45.74939 45.74939 0.0062901885 2897.0862 115.97384 8.708617 0.03309565
COSMOS LID546 1.406 1.406557 O3 44.06424 44.06424 0.007344264 3880.8154 73.20563 8.950352 0.01676147 43.851494 43.85149 0.07551995 45.42972 45.42972 45.42972 0.006837766 4176.0967 1186.1163 8.866402 0.171795
COSMOS LID549 1.308 1.317198 O3 44.39832 44.39832 0.0045429063 3779.4377 177.86824 9.086339 0.03566051 43.698895 43.69889 0.019427547 45.623234 45.62323 45.62323 0.009666567 5885.8047 255.8258 9.261229 0.03686677
COSMOS LID595 0.91 0.9110553 Ha 43.458817 43.45882 0.04009369 1359.5996 74.576416 7.694063 0.05404484 0 0 0 0 0 0 0 0 0 0 0
COSMOS LID705 1.402 1.407595 Ha 43.985596 43.9856 0.014062624 7238.476 340.81033 9.486538 0.04357651 0 0 0 0 0 0 0 0 0 0 0
COSMOS LID961 1.505857 1.505029 O3 43.89954 43.89954 0.006096325 7326.3086 165.97015 9.456336 0.02068399 0 0 0 0 0 0 0 0 0 0 0
SXDS SXDS-X10 1.225 1.223404 Ha 43.182747 43.18275 0.019465845 5787.152 276.5864 8.895144 0.04238067 0 0 0 0 0 0 0 0 0 0 0
SXDS SXDS-X18 1.452 1.449826 O3 43.799614 43.79961 0.02469071 4882.1562 491.3795 9.034672 0.08269552 43.315548 43.31555 0.03237341 44.903107 44.90311 44.88902 0.015210087 7180.946 346.81003 9.066875 0.04379344
SXDS SXDS-X23 1.534 1.527301 O3 43.141758 43.32832 0.04418698 5665.7954 466.8579 8.945504 0.07430872 0 0 0 0 0 0 0 0 0 0 0
SXDS SXDS-X34 0.952 0.9498561 Ha 43.26908 43.26908 0.026089387 1748.9551 428.31845 7.83485 0.1832308 0 0 0 0 0 0 0 0 0 0 0
SXDS SXDS-X36 0.884 0.8836814 Ha 43.972523 43.97252 0.0034780423 2721.154 13.809475 8.579488 0.004600032 0 0 0 0 0 0 0 0 0 0 0
SXDS SXDS-X50 1.411 1.409233 Ha 43.22577 43.421 0.016939584 1816.672 72.83218 7.942745 0.03566189 0 0 0 0 0 0 0 0 0 0 0
SXDS SXDS-X56 1.26 1.259801 O3 43.371323 43.37132 0.018028228 9547.805 682.04535 9.44663 0.06742885 0 0 0 0 0 0 0 0 0 0 0
SXDS SXDS-X64 1.56 1.560191 Ha 43.727215 43.72721 0.06257068 1914.715 601.24664 8.138124 0.2063011 43.413338 43.41334 0.06821855 45.096684 45.09668 45.09668 0.03294345 2225.8555 338.41455 8.153336 0.1221685
SXDS SXDS-X65 1.595 1.596534 O3 43.009575 43.14843 0.041472357 1886.1799 328.1862 7.846484 0.1319887 0 0 0 0 0 0 0 0 0 0 0
SXDS SXDS-X70 1.651 1.650714 O3 43.068554 43.58409 0.0563982 2083.6199 720.43823 8.147259 0.2030229 0 0 0 0 0 0 0 0 0 0 0
SXDS SXDS-X215 1.456 1.452646 O3 42.809814 43.04838 0.028382596 1798.7106 149.8423 7.754741 0.07408345 0 0 0 0 0 0 0 0 0 0 0
SXDS SXDS-X221 0.757 0.7548562 Ha 42.88092 42.88092 0.024810545 8388.515 590.6724 9.092054 0.06014775 0 0 0 0 0 0 0 0 0 0 0
SXDS SXDS-X230 1.028 1.027472 Ha 43.23196 43.23196 0.022900311 2263.1648 317.30963 8.054339 0.07519487 0 0 0 0 0 0 0 0 0 0 0
SXDS SXDS-X328 0.809 0.8076194 Ha 42.796127 42.79613 0.053797293 7700.562 823.0818 8.972569 0.09389391 0 0 0 0 0 0 0 0 0 0 0
SXDS SXDS-X329 0.709 0.7082685 Ha 42.787617 42.78762 0.06282895 6474.9736 2202.1003 8.808881 0.2801419 0 0 0 0 0 0 0 0 0 0 0
SXDS SXDS-X332 1.385 1.384648 O3 43.205853 43.20585 0.024325361 3196.0496 205.65685 8.35959 0.05633217 0 0 0 0 0 0 0 0 0 0 0
SXDS SXDS-X346 1.432 1.439605 O3 43.3236 43.3236 0.040517278 6888.179 707.76776 9.12311 0.09044364 42.7689 42.7689 0.11162267 44.637253 44.63725 44.57772 0.016026512 4910.7534 1414.906 8.581157 0.288515
SXDS SXDS-X349 0.788 0.7864448 Ha 42.617893 42.90845 0.017608883 2574.5193 138.37035 8.017731 0.04849095 0 0 0 0 0 0 0 0 0 0 0
SXDS SXDS-X353 0.99 0.9890572 Ha 42.5121 42.67264 0.21708952 1787.749 1250.0219 7.568758 0.3945005 0 0 0 0 0 0 0 0 0 0 0
SXDS SXDS-X354 1.458 1.455772 O3 42.945747 42.94575 0.017414924 5811.5654 224.98279 8.78526 0.03327293 0 0 0 0 0 0 0 0 0 0 0
SXDS SXDS-X370 1.037 1.03619 Ha 43.185215 43.45844 0.05311834 1935.0514 112.554886 8.018841 0.04945005 0 0 0 0 0 0 0 0 0 0 0
SXDS SXDS-X387 1.27 1.268855 Ha 42.34827 42.53049 0.11575395 2045.6847 2792.8118 7.624614 0.4749897 0 0 0 0 0 0 0 0 0 0 0
SXDS SXDS-X393 0.821 0.82219 Ha 42.76622 42.76622 0.14224659 6648.0864 594.4572 8.822903 0.07971606 0 0 0 0 0 0 0 0 0 0 0
SXDS SXDS-X394 1.322 1.321431 Ha 42.892776 43.03597 0.024103414 2767.0544 125.57602 8.145345 0.03902169 0 0 0 0 0 0 0 0 0 0 0
SXDS SXDS-X415 0.984 0.9827579 Ha 43.072838 43.07284 0.030391868 1784.9725 115.66576 7.759421 0.05656698 0 0 0 0 0 0 0 0 0 0 0
SXDS SXDS-X419 1.423 1.420376 Ha 42.96269 42.96269 0.046180535 6151.3467 848.3874 8.845707 0.1343759 0 0 0 0 0 0 0 0 0 0 0
SXDS SXDS-X420 1.459 1.458959 Ha 43.393326 43.39333 0.034579843 4525.06 313.8699 8.76972 0.0598716 0 0 0 0 0 0 0 0 0 0 0
SXDS SXDS-X472 1.642 1.641557 O3 43.68605 43.68605 0.03152 3358.0693 274.38187 8.635614 0.07174062 0 0 0 0 0 0 0 0 0 0 0
SXDS SXDS-X490 1.516 1.52324 Ha 43.267715 43.48462 0.03622388 5352.2285 354.16867 8.968109 0.05855149 0 0 0 0 0 0 0 0 0 0 0
SXDS SXDS-X491 1.339 1.342809 Ha 43.507908 43.50791 0.010486901 2474.0947 74.90656 8.268838 0.02713208 0 0 0 0 0 0 0 0 0 0 0
SXDS SXDS-X527 1.423 1.421815 Ha 42.960754 43.35521 0.06198267 2977.6172 359.83325 8.366102 0.1109806 0 0 0 0 0 0 0 0 0 0 0
SXDS SXDS-X551 1.188 1.192396 Ha 43.2207 43.2207 0.06087385 6900.245 1115.2684 9.075329 0.1392992 0 0 0 0 0 0 0 0 0 0 0
SXDS SXDS-X574 1.535 1.540132 Ha 43.285236 43.28524 0.04052968 7800.2915 506.0654 9.219189 0.05710964 0 0 0 0 0 0 0 0 0 0 0
SXDS SXDS-X590 0.989 0.9854823 Ha 42.824318 43.37443 0.028958622 2461.121 299.41397 8.199927 0.1402255 0 0 0 0 0 0 0 0 0 0 0
SXDS SXDS-X595 1.293 1.295775 O3 43.258522 43.25852 0.023048887 7131.3135 2687.1848 9.12381 0.3050557 0 0 0 0 0 0 0 0 0 0 0
SXDS SXDS-X596 1.185 1.182365 O3 43.617504 43.6175 0.032093957 1611.5209 125.801865 7.926742 0.07746411 0 0 0 0 0 0 0 0 0 0 0
SXDS SXDS-X600 0.87 0.8728458 Ha 42.676163 42.67616 0.0729362 2213.967 202.70241 7.767321 0.0903974 0 0 0 0 0 0 0 0 0 0 0
SXDS SXDS-X610 0.948 0.9331599 Ha 42.89976 42.89976 0.15231517 18291.09 4838.6406 9.818833 0.3072052 0 0 0 0 0 0 0 0 0 0 0
SXDS SXDS-X619 1.404 1.415349 Ha 43.660477 43.66048 0.028053267 3972.7202 300.4959 8.778095 0.06448468 0 0 0 0 0 0 0 0 0 0 0
SXDS SXDS-X630 1.299 1.297806 Ha 43.07158 43.27981 0.06365504 3578.686 1376.015 8.499204 0.2892428 0 0 0 0 0 0 0 0 0 0 0
SXDS SXDS-X632 1.593 1.583556 O3 43.484352 43.70992 0.019933186 5183.674 239.74147 9.046793 0.04021692 0 0 0 0 0 0 0 0 0 0 0
SXDS SXDS-X641 1.432 1.431058 O3 42.64491 42.90947 0.041306876 1836.1371 161.32848 7.707026 0.07927725 0 0 0 0 0 0 0 0 0 0 0
SXDS SXDS-X687 1.189 1.188096 Ha 42.893055 43.19661 0.07361028 2481.0574 279.29617 8.122001 0.1050796 0 0 0 0 0 0 0 0 0 0 0
SXDS SXDS-X703 1.404 1.401506 Ha 43.258694 43.25869 0.025031144 2873.2676 177.59447 8.28693 0.05196531 0 0 0 0 0 0 0 0 0 0 0
SXDS SXDS-X705 1.301 1.297857 O3 43.54527 43.54527 0.053107448 4324.128 576.87177 8.800834 0.113628 43.29933 43.29933 0.084849484 44.724194 44.72419 44.6824 0.010774985 12499.181 2357.561 9.444963 0.2012164
SXDS SXDS-X707 0.713 0.7129974 Ha 43.945133 43.94513 0.0069001326 5149.359 77.38704 9.153581 0.01369555 0 0 0 0 0 0 0 0 0 0 0
SXDS SXDS-X717 1.276 1.276551 Ha 43.04988 43.04988 0.051551625 2930.7417 212.68663 8.204935 0.0653477 0 0 0 0 0 0 0 0 0 0 0
SXDS SXDS-X728 1.252 1.251622 O3 42.637024 42.87126 0.037155483 3840.5747 1268.1544 8.368124 0.1602876 0 0 0 0 0 0 0 0 0 0 0
SXDS SXDS-X735 1.447 1.44229 O3 43.698036 43.69804 0.069551095 2702.0962 1004.94275 8.441263 0.2447884 43.26446 43.26446 0.032353148 45.074627 45.07463 45.07463 0.01163285 3519.6052 314.2536 8.540301 0.07316632
SXDS SXDS-X740 1.445 1.443858 O3 43.02699 43.02699 0.025633167 11749.623 873.03076 9.472405 0.06606811 0 0 0 0 0 0 0 0 0 0 0
SXDS SXDS-X749 1.289 1.286765 Ha 43.686184 43.68618 0.02164652 3306.0994 1179.6217 8.621318 0.2498173 0 0 0 0 0 0 0 0 0 0 0
SXDS SXDS-X755 1.533 1.533768 Ha 43.41591 43.41591 0.033930253 3306.2322 216.52426 8.491623 0.05910172 0 0 0 0 0 0 0 0 0 0 0
SXDS SXDS-X763 1.413 1.410331 O3 43.57321 43.57321 0.017520944 2961.1743 223.91455 8.465645 0.06345487 43.153965 43.15396 0.05872156 44.512848 44.51285 44.42337 0.025028916 4508.5146 868.3642 8.42975 0.1548949
SXDS SXDS-X764 0.646 0.6452954 Ha 43.420055 43.42006 0.01464089 6696.7456 255.07234 9.143457 0.03254252 0 0 0 0 0 0 0 0 0 0 0
SXDS SXDS-X790 1.317 1.305243 Ha 43.368534 43.36853 0.021256102 8231.3125 434.3356 9.308691 0.04443257 43.125736 43.12574 0.0665428 44.45043 44.45043 44.34404 0.0094203325 18829.508 1965.0717 9.6317 0.1211116
SXDS SXDS-X817 1.401 1.402094 Ha 44.521908 44.52191 0.002082775 3726.64 25.74143 9.132709 0.006187571 44.40413 44.40413 0.0141900545 45.96608 45.96608 45.96608 0.008121125 5240.372 850.07465 9.331764 0.08871944
SXDS SXDS-X840 1.533 1.5367 Ha 43.69391 43.69391 0.047671154 6204.313 945.7905 9.204587 0.1469194 0 0 0 0 0 0 0 0 0 0 0
SXDS SXDS-X855 1.399 1.399691 Ha 42.930283 43.26847 0.081301756 3362.1597 557.1295 8.436296 0.1987785 0 0 0 0 0 0 0 0 0 0 0
SXDS SXDS-X909 1.019 1.018782 Ha 42.434864 42.86826 0.03581762 3166.0696 176.88206 8.188866 0.04195425 0 0 0 0 0 0 0 0 0 0 0
SXDS SXDS-X962 1.452 1.451833 O3 44.085236 44.08524 0.007918865 5505.2236 132.09323 9.282356 0.02147661 43.87322 43.87322 0.033433456 45.333916 45.33392 45.33392 0.011189654 7891.347 773.62024 9.37126 0.0810584
SXDS SXDS-X969 1.585 1.591454 Ha 43.50066 43.50066 0.039454978 2296.0566 316.53134 8.1966 0.1225472 42.8992 42.8992 0.09188329 45.05337 45.05337 45.05337 0.013047382 1695.7146 694.8862 7.895391 0.2577305
SXDS SXDS-X1014 1.28 1.279299 O3 43.12501 43.43722 0.053042527 2901.4592 447.7036 8.381614 0.1390069 0 0 0 0 0 0 0 0 0 0 0
SXDS SXDS-X1082 0.634 0.6298158 Ha 43.611286 43.61129 0.01445853 3257.7922 160.44644 8.571815 0.04258433 0 0 0 0 0 0 0 0 0 0 0
SXDS SXDS-X1092 1.4 1.401568 Ha 43.027218 43.02722 0.042673334 6780.693 620.1418 8.966366 0.08089565 0 0 0 0 0 0 0 0 0 0 0
SXDS SXDS-X1093 1.236 1.236916 Ha 43.172867 43.17287 0.019950232 5633.912 315.69952 8.865693 0.0506422 43.18904 43.18904 0.049200624 44.683212 44.68321 44.6334 0.0080232015 8930.49 876.4908 9.128448 0.09407725
SXDS SXDS-X1097 1.47 1.469142 O3 43.751423 43.75142 0.0057958025 4427.24 69.33457 8.921485 0.01328581 43.418285 43.41829 0.03551756 45.01212 45.01212 45.00907 0.013262275 8006.718 829.339 9.221443 0.0803345
SXDS SXDS-X1100 0.867 0.8694146 Ha 42.694237 42.69424 0.022767013 3091.8386 213.43193 8.083493 0.06433719 0 0 0 0 0 0 0 0 0 0 0
SXDS SXDS-X1136 1.325 1.322521 O3 43.43305 43.43305 0.023375785 2759.8953 270.20438 8.333555 0.07948816 43.123135 43.12313 0.050770152 44.71429 44.71429 44.67062 0.015720112 6761.222 1780.7784 8.905358 0.1788783
SXDS SXDS-X1160 1.542 1.5437 Ha 43.100418 43.10042 0.031973 3455.819 517.1377 8.380929 0.1353952 0 0 0 0 0 0 0 0 0 0 0
SXDS SXDS-X1169 0.876 0.8744254 Ha 42.433945 42.64217 0.01830298 1870.8965 82.178246 7.595989 0.04001071 0 0 0 0 0 0 0 0 0 0 0
SXDS SXDS-X1182 1.202 1.201587 O3 43.64696 43.98948 0.018481556 7307.2227 221.93463 9.497103 0.02278315 0 0 0 0 0 0 0 0 0 0 0
SXDS SXDS-X1193 1.576 1.576957 O3 42.933765 42.93377 0.0482913 1637.7928 161.18971 7.613436 0.09249162 42.389385 42.38939 0.07107649 44.354042 44.35404 44.21933 0.024759691 1951.444 310.6438 7.600375 0.1547385
SXDS SXDS-X1196 1.48 1.478863 Ha 43.44362 44.00237 0.05054269 1952.8823 325.95715 8.288368 0.1435685 0 0 0 0 0 0 0 0 0 0 0
SXDS SXDS-X1200 1.541 1.544024 O3 43.52266 43.75689 0.012746367 2449.6892 132.74046 8.379224 0.04760838 43.079727 43.43634 0.081500426 44.859684 45.19271 45.1866 0.051023394 1914.749 442.1357 8.067526 0.2050696
SXDS SXDS-X1213 1.332 1.331783 Ha 43.41059 43.86128 0.026661953 3674.3542 250.66484 8.802599 0.0609071 0 0 0 0 0 0 0 0 0 0 0
SXDS SXDS-X1216 1.472 1.471437 O3 43.560806 43.80371 0.020336714 6332.7705 383.90488 9.276158 0.05398954 0 0 0 0 0 0 0 0 0 0 0
SXDS SXDS-X1218 0.969 0.9670474 Ha 43.244507 43.24451 0.01555059 2459.3213 72.50736 8.136891 0.02503486 0 0 0 0 0 0 0 0 0 0 0
SXDS SXDS-X1223 1.653 1.649112 O3 43.746223 43.74622 0.067770965 1954.5892 471.1441 8.166224 0.2424179 42.951714 42.95171 0.06511696 45.30643 45.30643 45.30643 0.010614447 1961.9723 345.66617 8.148602 0.1635948
SXDS SXDS-X1239 1.657 1.656429 Ha 43.66461 43.66461 0.044833444 5754.494 800.2197 9.121229 0.1359449 0 0 0 0 0 0 0 0 0 0 0
SXDS SXDS-X27 2.067 2.067343 O3 0 0 0 0 0 0 0 43.82851 43.82851 0.06672636 45.54929 45.54929 45.54929 0.010895487 2747.053 1270.2067 8.562379 0.2314802
SXDS SXDS-X46 2.297 2.296381 O3 0 0 0 0 0 0 0 43.589287 43.58929 0.09627107 44.811573 44.81157 44.78481 0.03467143 7331.224 2930.9565 9.03276 0.3137839
SXDS SXDS-X93 2.327 2.332487 O3 0 0 0 0 0 0 0 43.649143 43.64914 0.092900425 45.12822 45.12822 45.12822 0.05338882 2520.0012 1021.53394 8.276912 0.2646193
SXDS SXDS-X646 2.251 2.259153 O3 0 0 0 0 0 0 0 43.47249 43.47249 0.047567014 45.25908 45.25908 45.25908 0.0132867135 7260.827 1080.6843 9.261512 0.1342372
SXDS SXDS-X714 2.208 2.205092 O3 0 0 0 0 0 0 0 43.454308 43.45431 0.12005633 45.14718 45.14718 45.14718 0.039654907 10310.037 2422.9167 9.51011 0.2877664
SXDS SXDS-X806 2.199 2.195972 O3 0 0 0 0 0 0 0 44.160385 44.16039 0.05709133 45.754593 45.75459 45.75459 0.020476017 16646.072 1570.679 10.22992 0.08027952
SXDS SXDS-X912 2.092 2.089074 O3 0 0 0 0 0 0 0 44.192043 44.19204 0.05780097 45.753464 45.75346 45.75346 0.029877696 2893.1294 589.58386 8.709468 0.1556192
SXDS SXDS-X1141 2.303 2.302116 O3 0 0 0 0 0 0 0 43.709 43.709 0.062206164 45.10207 45.10207 45.10207 0.068050735 4942.414 1121.3652 8.848913 0.1465424
E-CDF-S ECDFS-358 1.624 1.621726 O3 43.396736 43.39674 0.032902863 2237.2314 198.0523 8.12282 0.07737332 0 0 0 0 0 0 0 0 0 0 0
E-CDF-S ECDFS-305 0.544 0.5438565 Ha 43.37171 43.37171 0.015641881 7502.107 303.5579 9.224811 0.03592592 0 0 0 0 0 0 0 0 0 0 0
E-CDF-S ECDFS-345 1.324 1.326687 Ha 43.624413 43.62441 0.012209422 2405.099 44.180683 8.298719 0.01701971 0 0 0 0 0 0 0 0 0 0 0
E-CDF-S ECDFS-391 1.218 1.221274 Ha 43.573658 43.57366 0.08521904 3907.1938 1432.8296 8.72111 0.2593715 0 0 0 0 0 0 0 0 0 0 0
E-CDF-S ECDFS-379 0.737 0.7403314 Ha 43.259655 43.25965 0.016165357 8738.284 274.9049 9.311459 0.02894584 0 0 0 0 0 0 0 0 0 0 0
E-CDF-S ECDFS-417 0.837 0.8380886 Ha 43.22211 43.22211 0.052182034 3169.1777 382.04 8.35962 0.1022809 0 0 0 0 0 0 0 0 0 0 0
E-CDF-S ECDFS-725 1.315 1.313733 O3 43.30104 43.30104 0.019629195 4829.3486 191.43486 8.785343 0.03334659 0 0 0 0 0 0 0 0 0 0 0
E-CDF-S ECDFS-375 1.03 1.041129 Ha 43.586166 43.58617 0.019591369 2403.7163 129.23715 8.279833 0.04394463 0 0 0 0 0 0 0 0 0 0 0
E-CDF-S ECDFS-321 1.57 1.572893 Ha 43.927143 43.92714 0.013939559 2441.93 87.46765 8.458024 0.0338957 0 0 0 0 0 0 0 0 0 0 0
E-CDF-S ECDFS-601 1.6 1.598135 Ha 43.641342 43.64134 0.045175713 3675.6511 663.1152 8.697353 0.1442911 0 0 0 0 0 0 0 0 0 0 0
E-CDF-S ECDFS-712 0.84 0.8383435 Ha 43.2806 43.2806 0.026770717 6800.9365 386.7574 9.090734 0.04960342 0 0 0 0 0 0 0 0 0 0 0
