#ID, logLbol_Halpha, logEdd_Halpha, Lbol_Hbeta, LogEdd_hbeta
1028 45.15802 -0.4410917 0.0 0.0
1031 45.10731 -1.440405 0.0 0.0
1044 45.89114 -1.145083 46.05624 -1.014423
1078 45.62244 -1.029958 0.0 0.0
108 45.60769 -1.313727 0.0 0.0
1081 45.03526 -0.8587062 0.0 0.0
110 44.90754 -1.588914 0.0 0.0
1111 45.0618 -0.6159008 0.0 0.0
112 46.14859 -0.9852482 46.07382 -1.028756
1129 45.33607 -2.162082 0.0 0.0
1141 45.26468 -2.051087 0.0 0.0
1174 45.59833 -0.5042186 45.57266 -1.352569
1186 44.96912 -2.207047 0.0 0.0
119 45.56751 -1.357227 0.0 0.0
1194 45.13367 -0.9021434 0.0 0.0
120 44.57734 -1.033526 0.0 0.0
1215 0.0 0.0 45.87825 -1.657543
1230 45.10252 -1.921851 0.0 0.0
128 45.95829 -1.654856 45.98302 -1.542057
1281 45.41354 -0.4462825 0.0 0.0
142 45.72638 -0.678357 0.0 0.0
157 45.17346 -1.670304 0.0 0.0
1594 45.15269 -1.572189 0.0 0.0
1609 45.22248 -1.519376 0.0 0.0
162 0.0 0.0 46.10053 -1.314408
1624 45.65597 -1.910102 0.0 0.0
1643 44.99043 -1.343532 0.0 0.0
166 0.0 0.0 46.855 -0.5743348
1666 0.0 0.0 46.27934 -1.764061
1702 0.0 0.0 45.50928 -0.7458751
171 44.63836 -1.789802 0.0 0.0
178 45.91446 -1.15625 0.0 0.0
192 45.44452 -0.7998055 0.0 0.0
1930 45.74175 -1.508878 0.0 0.0
201 46.06453 -0.8368172 0.0 0.0
206 45.64165 -0.9971622 0.0 0.0
208 46.35838 -1.166369 46.40387 -1.190461
216 45.03579 -0.9290608 0.0 0.0
220 44.99622 -1.453768 0.0 0.0
222 45.56437 -1.064939 0.0 0.0
237 46.00359 -0.3965287 0.0 0.0
238 44.41256 -1.174148 0.0 0.0
247 0.0 0.0 45.83805 -0.774186
255 46.13475 -0.2489779 46.21632 -0.6278636
259 45.67665 -1.595563 0.0 0.0
260 44.73551 -1.471712 0.0 0.0
266 44.50713 -1.759861 0.0 0.0
291 0.0 0.0 46.04012 -2.034285
296 44.88544 -1.647363 0.0 0.0
305 46.01332 -0.6637319 45.76763 -1.359175
322 45.45216 -1.004565 0.0 0.0
3242 45.98228 -0.5780775 45.944 -0.7791692
329 45.55932 -1.995064 0.0 0.0
3395 0.0 0.0 46.19079 -0.8607666
346 0.0 0.0 46.43649 -0.6628032
352 0.0 0.0 46.6011 -0.4770441
356 44.60906 -1.05629 0.0 0.0
3570 45.34102 -0.6576224 0.0 0.0
361 45.64839 -1.107537 0.0 0.0
369 45.00154 -1.46837 0.0 0.0
389 45.63341 -1.416677 0.0 0.0
395 0.0 0.0 46.72073 -0.9187657
40 0.0 0.0 45.69165 -1.149209
403 0.0 0.0 45.84405 -0.745966
434 45.60924 -1.192383 0.0 0.0
445 45.28175 -1.35983 0.0 0.0
446 44.87389 -0.783659 0.0 0.0
452 45.1104 -1.295905 45.41828 -0.8786604
454 45.51431 -0.9080478 0.0 0.0
463 45.05902 -1.738351 0.0 0.0
47 0.0 0.0 46.40539 -0.6179625
475 45.21546 -1.509008 0.0 0.0
492 45.53134 -1.623153 0.0 0.0
499 46.03225 -1.33249 45.97343 -1.09859
50 46.08251 -0.4513664 46.17276 -0.08603551
501 45.09506 -1.007801 0.0 0.0
508 44.97995 -1.02216 0.0 0.0
509 45.32809 -2.381029 0.0 0.0
510 45.7903 -1.045116 0.0 0.0
512 45.50781 -1.591215 0.0 0.0
536 45.34131 -0.7000868 0.0 0.0
54 45.35483 -2.402311 0.0 0.0
543 45.73403 -0.5637686 0.0 0.0
548 45.48351 -1.794699 0.0 0.0
553 44.56916 -1.148268 0.0 0.0
560 45.15149 -0.6999732 0.0 0.0
566 44.98225 -1.081117 0.0 0.0
581 45.69618 -0.8368844 0.0 0.0
589 45.85267 -1.38505 0.0 0.0
597 45.49984 -0.4239362 0.0 0.0
600 45.06459 -2.149721 0.0 0.0
607 45.82669 -0.8105943 45.59568 -1.054658
609 45.48395 -1.740389 0.0 0.0
627 45.08699 -1.738074 0.0 0.0
632 45.35617 -0.8863879 0.0 0.0
642 45.34423 -1.363589 0.0 0.0
643 0.0 0.0 46.46521 -1.142925
644 45.07029 -1.632206 0.0 0.0
649 45.36117 -1.060758 0.0 0.0
65 44.94467 -1.715079 0.0 0.0
66 45.19753 -0.6486298 0.0 0.0
668 45.69291 -1.276397 0.0 0.0
69 45.24254 -1.175008 0.0 0.0
70 45.66819 -0.711747 46.00329 -0.7959771
71 44.90695 -1.186014 0.0 0.0
72 0.0 0.0 45.96323 -0.4688627
74 45.12891 -0.7833663 0.0 0.0
746 45.50652 -2.04016 0.0 0.0
79 45.06968 -2.037962 0.0 0.0
824 45.14886 -1.663804 0.0 0.0
87 45.35903 -1.314354 0.0 0.0
933 0.0 0.0 45.85064 -0.5791875
935 45.24543 -1.603105 0.0 0.0
954 0.0 0.0 45.81515 -1.436465
1273 45.76848 -0.9030815 0.0 0.0
1538 45.755 -0.8253915 0.0 0.0
1550 45.14929 -0.4386157 0.0 0.0
1565 46.12677 -0.7857584 0.0 0.0
1590 45.54145 -1.412447 0.0 0.0
1596 45.96497 -1.377487 46.03305 -1.25167
1607 46.27459 -0.491216 0.0 0.0
1622 45.72296 -0.8512837 0.0 0.0
1639 46.30493 -0.1730262 0.0 0.0
1646 46.47908 -1.318116 0.0 0.0
1820 45.77307 -0.889879 45.62557 -0.7227703
1856 45.31816 -1.781108 0.0 0.0
1878 46.20138 -0.3646485 46.34976 -0.2716279
296 45.24321 -1.566121 0.0 0.0
360 46.02795 -0.5327582 45.93186 -0.5469532
367 44.54062 -0.9590124 0.0 0.0
381 45.47605 -0.1739721 0.0 0.0
395 45.70795 -1.17792 0.0 0.0
417 45.56143 -1.515962 0.0 0.0
430 0.0 0.0 46.74659 -0.2870953
449 45.60682 -1.591107 0.0 0.0
491 0.0 0.0 46.59449 -0.2241314
546 46.20356 -0.856788 46.27482 -0.7015836
549 46.52356 -0.6727755 46.46833 -0.9028983
595 45.62366 -0.1804061 0.0 0.0
705 46.12823 -1.468303 0.0 0.0
961 46.04581 -1.520529 0.0 0.0
10 45.35922 -1.645922 0.0 0.0
18 45.95009 -1.194579 45.73412 -1.442755
23 45.49866 -1.556847 0.0 0.0
34 45.44192 -0.5029323 0.0 0.0
36 46.11571 -0.5737763 0.0 0.0
50 45.58743 -0.4653122 0.0 0.0
56 45.53985 -2.016782 0.0 0.0
64 45.88074 -0.3673827 45.94178 -0.3215556
65 45.32635 -0.6301293 0.0 0.0
70 45.74365 -0.5136067 0.0 0.0
215 45.23052 -0.6342228 0.0 0.0
221 45.07012 -2.131936 0.0 0.0
230 45.40636 -0.7579786 0.0 0.0
328 44.9889 -2.093673 0.0 0.0
329 44.98074 -1.938137 0.0 0.0
332 45.38136 -1.088235 0.0 0.0
346 45.49414 -1.738969 45.42282 -1.268339
349 45.09648 -1.031249 0.0 0.0
353 44.87062 -0.808141 0.0 0.0
354 45.13221 -1.76305 0.0 0.0
370 45.6233 -0.5055419 0.0 0.0
387 44.73446 -1.000159 0.0 0.0
393 44.96025 -1.972652 0.0 0.0
394 45.21863 -1.036713 0.0 0.0
415 45.25394 -0.6154766 0.0 0.0
419 45.14844 -1.80727 0.0 0.0
420 45.56092 -1.318795 0.0 0.0
472 45.84131 -0.9043018 0.0 0.0
490 45.64837 -1.42974 0.0 0.0
491 45.67068 -0.7081612 0.0 0.0
527 45.52441 -0.9516883 0.0 0.0
551 45.39558 -1.789752 0.0 0.0
574 45.45739 -1.871795 0.0 0.0
590 45.54282 -0.7671034 0.0 0.0
595 45.4318 -1.802005 0.0 0.0
596 45.77566 -0.2610845 0.0 0.0
600 44.87399 -1.003332 0.0 0.0
610 45.08816 -2.840672 0.0 0.0
619 45.81682 -1.071277 0.0 0.0
630 45.45219 -1.157009 0.0 0.0
632 45.86418 -1.292615 0.0 0.0
641 45.09747 -0.7195605 0.0 0.0
687 45.3725 -0.8595033 0.0 0.0
703 45.43197 -0.9649615 0.0 0.0
705 45.70647 -1.204367 45.5275 -2.027467
707 46.08948 -1.174103 0.0 0.0
717 45.23196 -1.082979 0.0 0.0
728 45.06086 -1.417264 0.0 0.0
735 45.85279 -0.6984684 45.91972 -0.7305778
740 45.21003 -2.372376 0.0 0.0
749 45.84144 -0.8898758 0.0 0.0
755 45.58256 -1.019065 0.0 0.0
763 45.73323 -0.8424146 45.26846 -1.271287
764 45.58653 -1.666929 0.0 0.0
790 45.53718 -1.881513 45.18914 -2.552559
817 46.64194 -0.6007638 46.81118 -0.6305878
840 45.84884 -1.465748 0.0 0.0
855 45.44133 -1.104963 0.0 0.0
909 45.05798 -1.240883 0.0 0.0
962 46.22367 -1.168681 46.17901 -1.302248
969 45.66374 -0.6428616 45.89847 -0.1069232
1014 45.60297 -0.8886431 0.0 0.0
1082 45.7697 -0.9121158 0.0 0.0
1092 45.21025 -1.866119 0.0 0.0
1093 45.34976 -1.625935 45.47849 -1.759956
1097 45.90393 -1.127555 45.85416 -1.477279
1100 44.8913 -1.302193 0.0 0.0
1136 45.59897 -0.8445832 45.51571 -1.499646
1160 45.28036 -1.210568 0.0 0.0
1169 44.84143 -0.8645582 0.0 0.0
1182 46.13195 -1.475153 0.0 0.0
1193 45.12074 -0.6027012 45.06442 -0.6459526
1196 46.1443 -0.2540699 0.0 0.0
1200 45.90917 -0.580052 46.0317 -0.1458254
1213 46.00916 -0.9034402 0.0 0.0
1216 45.95401 -1.432148 0.0 0.0
1218 45.41838 -0.8285109 0.0 0.0
1223 45.89895 -0.3772762 46.15153 -0.1070737
1239 45.82078 -1.410451 0.0 0.0
27 0.0 0.0 46.39439 -0.2779927
46 0.0 0.0 45.62991 -1.51285
93 0.0 0.0 45.97332 -0.4135951
646 0.0 0.0 46.10418 -1.267336
714 0.0 0.0 45.99228 -1.627835
806 0.0 0.0 46.59969 -1.740231
912 0.0 0.0 46.59856 -0.2209073
1141 0.0 0.0 45.94717 -1.011747
358 45.56419 -0.6686274 0.0 0.0
305 45.54023 -1.794586 0.0 0.0
345 45.78228 -0.6264452 0.0 0.0
391 45.73366 -1.097449 0.0 0.0
379 45.43289 -1.988567 0.0 0.0
417 45.39693 -1.072691 0.0 0.0
725 45.47253 -1.422811 0.0 0.0
375 45.74564 -0.644191 0.0 0.0
321 46.07225 -0.4957758 0.0 0.0
601 45.79849 -1.008861 0.0 0.0
712 45.45295 -1.747781 0.0 0.0
