4.526649225912449026e+01
4.514237122128790958e+01
4.517542728146100472e+01
4.506160632601284988e+01
4.507614239522277444e+01
4.525033605743751508e+01
4.508617713243026515e+01
4.625741126891946919e+01
4.506548063121234549e+01
4.526896256279147934e+01
4.516378704945208256e+01
4.523056509506723444e+01
4.548487649531642774e+01
4.563292926487956436e+01
4.514532961847100978e+01
4.557060624350155820e+01
4.614387203074095112e+01
4.538230170496809279e+01
4.515103106153347312e+01
4.504850295567793950e+01
4.563176019487919177e+01
4.598291439027819649e+01
4.535675036885471911e+01
4.541340143644605831e+01
4.575168884267374381e+01
4.501944694249077372e+01
4.556273735557480364e+01
4.509074018264053763e+01
4.538628207745265541e+01
4.553282714951577503e+01
4.518021451437084579e+01
4.539223432616066845e+01
4.531278656379780756e+01
4.543312905053313955e+01
4.506075288750266594e+01
4.536118469723905378e+01
4.558670012956090289e+01
4.609832984571505676e+01
4.558920293170029225e+01
4.554713218081800363e+01
4.571462493487977952e+01
4.514738334037080847e+01
4.520878753327458810e+01
4.544292110253273620e+01
4.555068037036203066e+01
4.511844887398296322e+01
4.521588794986593740e+01
4.580095341812663889e+01
4.521527289675003658e+01
4.515690748523005738e+01
4.557435933366858194e+01
4.501109799482516394e+01
4.605849906627614132e+01
4.557891640820722046e+01
4.533616672504387424e+01
4.529473737068487083e+01
4.574280892363113793e+01
4.522231141288969525e+01
4.501896965715477705e+01
4.571327056168925651e+01
4.514682386851239215e+01
4.541742472394341945e+01
4.502816797938552185e+01
4.553512280333995932e+01
4.553983951754144499e+01
4.509682694466187058e+01
4.525146297911773985e+01
4.528412082404418726e+01
4.502736506303093478e+01
4.529497753270955229e+01
4.560050552790742984e+01
4.508856895290696798e+01
4.558992811830896130e+01
4.542936990885696247e+01
4.531497339718448103e+01
4.545061623065907952e+01
4.527334755662588606e+01
4.509081004190218778e+01
4.512449471898948161e+01
4.529269642166078569e+01
4.616912924712624999e+01
4.612895850806211229e+01
4.542474643108837284e+01
4.539983511487291423e+01
4.587804923897981269e+01
4.567329717110590082e+01
4.531651439418546801e+01
4.614042924416660441e+01
4.518512485517824473e+01
4.580596229738848990e+01
4.504713062557407710e+01
4.519437920935956754e+01
4.503379875344389660e+01
4.516384956735171130e+01
4.529081827667259574e+01
4.538135140223752728e+01
4.518931267056393608e+01
4.509336449976721184e+01
4.534344017499427792e+01
4.526537622783829562e+01
4.556818187562671341e+01
4.503009083402617563e+01
4.549530074492138709e+01
4.605795206095904604e+01
4.503594639935455746e+01
4.559305602925956435e+01
4.535892000442310490e+01
4.537137378919025821e+01
4.505813594933231059e+01
4.546851870256163863e+01
4.520939307045585309e+01
4.522224462544249945e+01
4.502548022652457149e+01
4.552545130127359840e+01
4.547196875225154855e+01
4.546752656296379769e+01
4.597537687090609637e+01
4.514111596275930083e+01
4.544192083437348373e+01
4.549324622669933404e+01
4.524494684174619152e+01
4.556745575765649647e+01
4.545451330932809952e+01
4.566953318630632452e+01
4.504787743879752071e+01
4.518792669034768039e+01
4.567268958866385731e+01
4.515244524912175450e+01
4.545212633256888779e+01
4.510790777769257431e+01
4.523226244834238940e+01
4.505222827310497280e+01
4.552330498031027162e+01
4.524832650422008129e+01
4.516505301783546855e+01
4.510907749821905810e+01
4.569268354560465895e+01
4.522207761187582520e+01
4.500307347603357755e+01
4.535920581413079589e+01
4.602384852796971160e+01
4.561668031786715005e+01
4.524790888033486880e+01
4.535578817712253397e+01
4.560458937222216491e+01
4.511451956179998035e+01
4.536030409739024805e+01
4.506374354698847640e+01
4.503835480028332938e+01
4.541606282983889287e+01
4.542496540486080647e+01
4.571517174914881565e+01
4.526578975465176313e+01
4.556286139902550048e+01
4.502713674484192552e+01
4.548137241963792121e+01
4.513073875230512044e+01
4.561856158130143513e+01
4.551976142896096178e+01
4.535470301729805698e+01
4.512150720376619262e+01
4.560190865828638351e+01
4.615285863554879597e+01
4.533119525192287824e+01
4.599131392313123001e+01
4.515149046315911363e+01
4.527229366957114820e+01
4.536078875859400483e+01
4.519786942773234983e+01
4.537617138224299396e+01
4.534626969617750092e+01
4.553892823243052845e+01
4.555980266849823579e+01
4.514710008502239447e+01
4.566304400069515879e+01
4.523952346317567219e+01
4.509694039989705772e+01
4.515383885417042364e+01
4.616700024718436168e+01
4.542482736904052842e+01
4.545619422576110225e+01
4.551979279985740590e+01
4.510398114715811602e+01
4.507738379827372910e+01
4.502003737168411845e+01
4.533036288711503659e+01
4.554739074074738880e+01
4.514743744457940977e+01
4.518142188371682977e+01
4.518206844055646343e+01
4.578810650201116772e+01
4.501658751798336056e+01
4.505669377260478115e+01
4.526348216954023940e+01
4.541123969035032815e+01
4.521271860274268306e+01
4.516265322054724862e+01
4.513395393752938389e+01
4.503430214760287242e+01
4.547279481624880759e+01
4.526019520402114438e+01
4.508689709927330114e+01
4.545268300989511800e+01
4.573267738186726206e+01
4.511112921271207199e+01
4.525745886421602648e+01
4.534058285045026082e+01
4.537880140276550378e+01
4.544975223620673432e+01
4.555056206428427146e+01
4.546795869380843413e+01
4.578192067708862112e+01
4.558449605827414786e+01
4.519727653853663440e+01
4.546992072268369611e+01
4.552094277584522786e+01
4.516143436165798164e+01
4.522828659851546007e+01
4.507264532699014836e+01
4.566701542925071067e+01
4.508667107108980332e+01
4.525483052949832796e+01
4.504441175376503281e+01
4.503787929321226358e+01
4.517525985973757230e+01
4.525394804891997325e+01
4.544993829288561216e+01
4.564381913405927094e+01
4.534428684265373022e+01
4.509361565094372537e+01
4.555008780386973655e+01
4.536249456469693087e+01
4.527093606633773959e+01
4.503984290021635672e+01
4.500953265607495268e+01
4.535654874161593142e+01
4.527553228941021501e+01
4.540965713985586660e+01
4.500418094470194319e+01
4.540292930323438725e+01
4.522820575079645522e+01
4.536229998560400389e+01
4.526402712700489417e+01
4.539966464132075430e+01
4.585391450537107261e+01
4.566993136245024232e+01
4.526266275747872214e+01
4.560720672144464771e+01
4.573248472657172670e+01
4.516747579175520144e+01
4.521266429061904546e+01
4.527493705338527263e+01
4.516725703700675609e+01
4.533376736984402555e+01
4.532836533656023192e+01
4.519460575501372546e+01
4.528737859876339655e+01
4.558424218803794048e+01
4.515792614958211715e+01
4.534145471352275081e+01
4.526653064458597697e+01
4.598142894484642085e+01
4.516606486987387115e+01
4.510855713478473206e+01
4.532709489604518893e+01
4.527129010247836760e+01
4.532228802394879352e+01
4.517462171276711302e+01
4.509206149363478744e+01
4.542253624227254249e+01
4.539717254162916049e+01
4.587390836874574518e+01
4.550622804453045234e+01
4.519624790964247296e+01
4.526825312284372416e+01
4.527613609686768825e+01
4.535100705345059424e+01
4.515503311483951876e+01
4.520831284051569554e+01
4.503072360670903862e+01
4.525791635285233383e+01
4.560741562963834639e+01
4.512009981997508135e+01
4.542520044076592001e+01
4.532689810396002628e+01
4.509048325047517380e+01
4.520118206198492317e+01
4.540681120404953930e+01
4.543048124231742690e+01
4.500279427997681125e+01
4.527484023361698462e+01
4.533594012056520484e+01
4.510223363358924331e+01
4.565504654411459740e+01
4.529365306325967566e+01
4.501800622160953225e+01
4.546063927543457339e+01
4.556464467347747416e+01
4.531034335082207321e+01
4.521818169240388130e+01
4.533656124855129832e+01
4.544973245738023593e+01
4.535428432198180815e+01
4.527885088481488651e+01
4.510751255670376025e+01
4.547255859266926592e+01
4.531972928152712399e+01
4.502206147339582998e+01
4.540896740043686464e+01
4.511258546151675830e+01
4.514138120311366720e+01
4.547609529455630906e+01
4.502344324254029573e+01
4.505681376678296601e+01
4.545039994429618702e+01
4.547527549045391737e+01
4.552183772416496055e+01
4.539833183644398673e+01
4.564624993001191200e+01
4.504858447845585800e+01
4.525786740920278106e+01
4.513099354850040612e+01
4.531039415919511981e+01
4.505695371810071492e+01
4.520174100269340300e+01
4.520864345698446130e+01
4.510272364659621758e+01
4.580380735957223237e+01
4.566592870523078318e+01
4.539669637544563585e+01
4.506990314734560599e+01
4.528579342060650959e+01
4.503309301991970415e+01
4.535291683520812711e+01
4.526299872377297362e+01
4.501554548502301145e+01
4.504833533300580939e+01
4.527357421333493903e+01
4.509618617687660702e+01
4.519428370114147953e+01
4.571411656155628123e+01
4.512060654331377663e+01
4.534028914101411800e+01
4.500112290130203974e+01
4.510210153549984113e+01
4.562004252482673650e+01
4.516128241853543557e+01
4.509799856220387682e+01
4.503325255504203994e+01
4.537055894316293347e+01
4.570285740594411550e+01
4.521971433069450796e+01
4.512256644047173637e+01
4.551459421493339619e+01
4.546523452875438664e+01
4.528766856642796057e+01
4.524776576609054501e+01
4.546156939822069631e+01
4.519009310355594522e+01
4.560207835032763057e+01
4.534052736152438712e+01
4.503926724236688273e+01
4.500952274655818286e+01
4.509580248054395213e+01
4.505471353219236619e+01
4.510044088190318945e+01
4.525011117597744459e+01
4.551201813790243023e+01
4.535811140775692252e+01
4.504079602703082941e+01
4.513904518666488030e+01
4.527636264345086659e+01
4.517274416048546470e+01
4.508017404966669517e+01
4.520973224031757098e+01
4.506405612352863699e+01
4.543913835162975801e+01
4.518962370293553477e+01
4.509660805440128684e+01
4.538719363028891962e+01
4.539214297342802951e+01
4.508135990627483380e+01
4.512205052869580868e+01
4.554340479138467401e+01
4.503960024596354828e+01
4.504807017588935736e+01
4.501557724660847981e+01
4.520189056847773657e+01
4.502217698940900448e+01
4.528933798704457558e+01
4.506692218916314374e+01
4.546963999349282659e+01
4.518162528628339913e+01
4.524317983598167814e+01
4.520630494198142912e+01
4.523297537737635565e+01
4.503124707188581510e+01
4.508373865568954386e+01
4.521416236410747302e+01
4.518451098555959078e+01
4.518617848750727006e+01
4.542750976623675996e+01
