1.241927722466610895e+01
1.241927722466610895e+01
1.140696973228043731e+01
1.108665722374862206e+01
1.089799508999822564e+01
1.138984466777536042e+01
1.090925616563034595e+01
1.124809883284837575e+01
1.077471706307716914e+01
1.116613374576708573e+01
1.103809571589218486e+01
1.073541637196814413e+01
1.065666708616212865e+01
1.051858912859437467e+01
1.090211914253588965e+01
1.062559221987554459e+01
1.084317735213435974e+01
1.064367442458974722e+01
1.080095172256821812e+01
1.056402186800956677e+01
1.067358320389686988e+01
1.050981005022929438e+01
1.045241301332126405e+01
1.060128827740831525e+01
1.055813496926514183e+01
1.052397947670766953e+01
1.005161005006268304e+01
1.194799855305552150e+01
1.166189278906772131e+01
1.115915651838062317e+01
1.139515279707155671e+01
1.122697647047048619e+01
1.100203051607741322e+01
1.080195620469906892e+01
1.089826601356432789e+01
1.061381211535696067e+01
1.059407939306993107e+01
1.055784809387900047e+01
1.046129668658965173e+01
1.028360145777194568e+01
1.207997104289097301e+01
1.117701500721614849e+01
1.134939344590116761e+01
1.067563024042046926e+01
1.070411278204942640e+01
1.058733915877847664e+01
1.172746686108028769e+01
1.160770623306402349e+01
1.102865477007718020e+01
1.085881114249858648e+01
1.100514277771340588e+01
1.080030635832859964e+01
1.060975674549764491e+01
1.036078750625122069e+01
1.033083504868960567e+01
1.163786236718409128e+01
1.152475651511635846e+01
1.134731076592190391e+01
1.097371824946556096e+01
1.108573904655875886e+01
1.076561172125119903e+01
1.074740146796802698e+01
1.088524755286964485e+01
1.065059036633574863e+01
1.055071095189441621e+01
1.041682493960495393e+01
1.050564445288891058e+01
1.048516872358865371e+01
1.210605237830110603e+01
1.060992648505413705e+01
1.080513987203203108e+01
1.052019864650580416e+01
1.198509821970131561e+01
1.136867251589592875e+01
1.107668658259311023e+01
1.065990080491851799e+01
1.040899865144445613e+01
1.024483066321680802e+01
1.212603637401690193e+01
1.094808268001992246e+01
1.062401797213205512e+01
1.070831373647086338e+01
1.068961087507985575e+01
1.055496878645561054e+01
1.044254616982442663e+01
1.014343303708505850e+01
1.200272825565631685e+01
1.121980248986822026e+01
1.104072798381245590e+01
1.087006834695720592e+01
1.089874625072229719e+01
1.049058550446906679e+01
1.077643219034536770e+01
1.051378791772405563e+01
1.202084800822216160e+01
1.140512442064895460e+01
1.106276485404899290e+01
1.063817574041438085e+01
1.064001639287263856e+01
1.035481344112457514e+01
1.196392510140084120e+01
1.143440416650100211e+01
1.142835255761448643e+01
1.118203477033607385e+01
1.044144699743953630e+01
1.059432573413421252e+01
1.189214592542219862e+01
1.109170074395981231e+01
1.116242618232925032e+01
1.060737347284999821e+01
1.082416063632398107e+01
1.078969028021452203e+01
1.050555814774109820e+01
1.067248259184842851e+01
1.075906467794263932e+01
1.050818293083249166e+01
1.020927130265868144e+01
1.026624279617649727e+01
1.188281822524081299e+01
1.074103638669809690e+01
1.071395942034360083e+01
1.045119182458557638e+01
1.061866236253503892e+01
1.056599788373173787e+01
1.050756044650271726e+01
1.195639150062813449e+01
1.100182407908608262e+01
1.090849737836796329e+01
1.109426745801482994e+01
1.069544755374632317e+01
1.034835334769829984e+01
1.200774225219185354e+01
1.095705662255398138e+01
1.065055947763401534e+01
1.068784162397044746e+01
1.041104227755331202e+01
1.032892705775824282e+01
1.175219491645503567e+01
1.071579853257952131e+01
1.119756270740953141e+01
1.052443427100675954e+01
1.046470031529259082e+01
1.066033921458443068e+01
1.048973590718739857e+01
1.027543062950493535e+01
1.150375246916719085e+01
1.134536474317271271e+01
1.113208338773717720e+01
1.062869121509019621e+01
1.046122498707604009e+01
1.025022519099581686e+01
1.021191006896026998e+01
1.158782687479810747e+01
1.112650460918358064e+01
1.104363830017025272e+01
1.082586699009525333e+01
1.082685674161259826e+01
1.050063167094001670e+01
1.083307316468375348e+01
1.054349412655678186e+01
1.044044534957849812e+01
1.186371627552946961e+01
1.072513940169871560e+01
1.049802659323769483e+01
1.047572591899292505e+01
1.182045807040178076e+01
1.112740760944195983e+01
1.112162180659506383e+01
1.133417480468142813e+01
1.074924000750602282e+01
1.062891869048374893e+01
1.167932983625021137e+01
1.114336846173697992e+01
1.091698959952567094e+01
1.081571689058250918e+01
1.149630168750681847e+01
1.125510049227874809e+01
1.068099430150824070e+01
1.091116855280059816e+01
1.040411980075532306e+01
1.060396322260190693e+01
1.043349568964380936e+01
1.040097380206285926e+01
1.186096991189759464e+01
1.105778938932393807e+01
1.065855255623741726e+01
1.172453243196676276e+01
1.137879856795265354e+01
1.078119420973336418e+01
1.062370573681135788e+01
1.157286423861708258e+01
1.125635102206722316e+01
1.075251521991641823e+01
1.035985283887142039e+01
1.181047234344089780e+01
1.061906135644782978e+01
1.046664008316011341e+01
1.032305367976726274e+01
1.177354270557134086e+01
1.127151253727046409e+01
1.043765358943841370e+01
1.183488854733289486e+01
1.184636421091347458e+01
1.085434901303265498e+01
1.039332916168702425e+01
1.165173703974488539e+01
1.047322233822153237e+01
1.069868273658165414e+01
1.057635062295717354e+01
1.156730646837982768e+01
1.099555676932985726e+01
1.088877114437184268e+01
1.069463848194676636e+01
1.164648055284917305e+01
1.079862820798178724e+01
1.173702137204895202e+01
1.101365855851030773e+01
1.052271594320666637e+01
1.034555506562193905e+01
1.180899623544948973e+01
1.046198908684002582e+01
1.157933065514985493e+01
1.106708024042469951e+01
1.077804840423566191e+01
1.017684024551642885e+01
1.167167221924275466e+01
1.054654847884504498e+01
1.165727315915425955e+01
1.096794496944514030e+01
1.041507428558569970e+01
1.171423713952907519e+01
1.078905040576925067e+01
1.047954601287723264e+01
1.073342886101380422e+01
1.162678712655495517e+01
1.097776748296883298e+01
1.067678114067045314e+01
1.045868425156356807e+01
1.070577627064625759e+01
1.158809821894142722e+01
1.067267357591029864e+01
1.063498379641599279e+01
1.065608766215813930e+01
1.040651185390058586e+01
1.159577981333787200e+01
1.117714374024963675e+01
1.158054891143719090e+01
1.097685714295187687e+01
1.079369899842493830e+01
1.065681944982717866e+01
1.033901804492375831e+01
1.111255865140261001e+01
1.089119327999254061e+01
1.089578650960592476e+01
1.022210064499601856e+01
1.015837481605122683e+01
1.172659863140965797e+01
1.154272618886318469e+01
1.100951282206403548e+01
1.063220372957294657e+01
1.168280308867265660e+01
1.074948620949803590e+01
1.056760964080533505e+01
1.049688328801072501e+01
1.148044555029818525e+01
1.113486895734468085e+01
1.051334301490604517e+01
1.137089389390380134e+01
1.108472794854061050e+01
1.041998999955247562e+01
1.172325976616357579e+01
1.090705284797648922e+01
1.143010708018715604e+01
1.084725431906095494e+01
1.063297685213293597e+01
1.074451076108339720e+01
1.084373241792179066e+01
1.061332410165304196e+01
1.041822568499005008e+01
1.033334465784412437e+01
1.177616839084543798e+01
1.077089168349746373e+01
1.040791917298340685e+01
1.166007773615652177e+01
1.070461794706507774e+01
1.068769976592091453e+01
1.172550628037485154e+01
1.064194384741093735e+01
1.035466076742395458e+01
1.130278178825713908e+01
1.097630271069181163e+01
1.077276196009303000e+01
1.032590238790154302e+01
1.145427231715225957e+01
1.068924344218266853e+01
1.051524650814900674e+01
1.125336834897701266e+01
1.117667459191904911e+01
1.078938730184938066e+01
1.069619950796281493e+01
1.157460357850874644e+01
1.072322187534714999e+01
1.052190617370900583e+01
1.160326585887271200e+01
1.051552078651818967e+01
1.053375539621677781e+01
1.051313098961181680e+01
1.035852280129261338e+01
1.165390783190925283e+01
1.062169542394668120e+01
1.034773306724203934e+01
1.169178917115204719e+01
1.042360149568349570e+01
1.140571957105544953e+01
1.099724340757436991e+01
1.060222205285526087e+01
1.051476087057530329e+01
1.133134136005312875e+01
1.109049584810257905e+01
1.099490683907791855e+01
1.080989877983324554e+01
1.146933892522501353e+01
1.098611851493598657e+01
1.145323898679319541e+01
1.067856694321706890e+01
1.161566326679586325e+01
1.093171564156049058e+01
1.156942041673891630e+01
1.062709554244556820e+01
1.057022070103980838e+01
1.134537721797273058e+01
1.126115085125244697e+01
1.159723601038955643e+01
1.065000277242468840e+01
1.065367004139064555e+01
1.122913106209581180e+01
1.088450870755879762e+01
1.066925275869395939e+01
1.035782591506838557e+01
1.053758094697649739e+01
1.044908336356867196e+01
1.133515035141689076e+01
1.133515035141689076e+01
1.081603373021622794e+01
1.061837955417844981e+01
1.161286251421420168e+01
1.034652094788548560e+01
1.054597861808262671e+01
7.770023952426603486e+00
1.170013002760298271e+01
1.054985436944786237e+01
1.104633047094316289e+01
1.136337289626756863e+01
1.052124061906271457e+01
1.141497064487422897e+01
1.116807195860937796e+01
1.159853930797692456e+01
1.148410214319116740e+01
1.081269526045606533e+01
1.151321582126529464e+01
1.095192932737955616e+01
1.043042788514144625e+01
1.136301349334304689e+01
1.102661171833012510e+01
1.078744086332391916e+01
1.144165204189534180e+01
1.109582796404646210e+01
1.137525326764170863e+01
1.057854515547047924e+01
1.166771049649202041e+01
1.066083758588547425e+01
1.139890697775893358e+01
1.058963903916200699e+01
1.153038938311627248e+01
1.067855246267303748e+01
1.165391703417158098e+01
1.030518116730574896e+01
1.136671018072624584e+01
1.074978146248532340e+01
1.049327988491652874e+01
1.116588848725897876e+01
1.093465007267518985e+01
1.083102792042191886e+01
1.150354440331812356e+01
1.086947128788390060e+01
1.078634569010210420e+01
1.122540390439107227e+01
1.074427419558274721e+01
1.084539332898834729e+01
1.076922506078212294e+01
1.053227660440421509e+01
1.142096909852723563e+01
1.067558650256707509e+01
1.029987728250018186e+01
1.128003972737283434e+01
1.090515662463105606e+01
1.063709311095883514e+01
1.157890619735124460e+01
1.091020066097272512e+01
1.030596778144891879e+01
1.142554655421274212e+01
1.046661644306159467e+01
1.133802579639648123e+01
1.099250140962761968e+01
1.124155352294570420e+01
1.112624110962245005e+01
1.073007028356402870e+01
1.141260075634657412e+01
1.068046087936759925e+01
1.013596705270367337e+01
1.146234917256617258e+01
1.087440957910125228e+01
1.055473762999126208e+01
1.037852108390216266e+01
1.148910206779324028e+01
1.053276335684885545e+01
1.110745085952336986e+01
1.093730936831851075e+01
1.052406219797201459e+01
1.042203495414624648e+01
1.153708151205561983e+01
1.151104134362206644e+01
1.112112528249864596e+01
1.074082301421697849e+01
1.035542373084529366e+01
1.158102438121459699e+01
1.117649510210166497e+01
1.112283726278191232e+01
1.062636086184873108e+01
1.042824170274839091e+01
1.027134235334368562e+01
1.123581663659204821e+01
1.099918674079491154e+01
1.063423027846679503e+01
1.067676656918958855e+01
1.122544502948165679e+01
1.064552321872476348e+01
1.014198996359415084e+01
1.132403484711116803e+01
1.085413626570669976e+01
1.035119532864944603e+01
1.127866649220277040e+01
1.074742620955033345e+01
1.123603343464284698e+01
1.105015918525118757e+01
1.106862925180518609e+01
1.062043834830641131e+01
1.043891336270908887e+01
1.127533898919841349e+01
1.109358264011567385e+01
1.136283968470164751e+01
1.057546971922704948e+01
1.110182865735835556e+01
1.152389055933831763e+01
1.101877903823644722e+01
1.160795518169546092e+01
1.172395987293809050e+01
1.139882975102800522e+01
1.071928207873944849e+01
1.047056400460935421e+01
1.143388270326117073e+01
1.071445329586487460e+01
1.032305367976726274e+01
1.147126747617791409e+01
1.156932912074815079e+01
1.041144447696790643e+01
1.150210459324932977e+01
1.119201897703299942e+01
1.062750315416101365e+01
1.059997066848509384e+01
1.150921130969247130e+01
1.124395260864084278e+01
1.109553964084474487e+01
1.136927840293861003e+01
1.050871884483767005e+01
1.139166896423727593e+01
1.112571358590774828e+01
1.050661424052889714e+01
1.128339275268471553e+01
1.080333904653065424e+01
1.072978708358651012e+01
1.165219146106252524e+01
1.127890657255667861e+01
1.079128032877631860e+01
1.064846812656334407e+01
1.143728502291240900e+01
1.087301361056579552e+01
1.103072047899585684e+01
1.063089591933969302e+01
1.054848809490663797e+01
1.120698989205012808e+01
1.106459148128214487e+01
1.140621900407360556e+01
1.129770611972698369e+01
1.079220702554197153e+01
1.060706610626940893e+01
1.027736921259102942e+01
1.130739033240306846e+01
1.086920045808055058e+01
1.058134529729376005e+01
1.058129091482230777e+01
1.139638928954842534e+01
1.070490441067148879e+01
1.131948456613081611e+01
1.141769235531647375e+01
1.045248615617220800e+01
1.127006005474644112e+01
1.107467167311178180e+01
1.072286874123791023e+01
1.031170438020105884e+01
1.110395029249361087e+01
1.059541500742146170e+01
1.119196123217653493e+01
1.084562023697759336e+01
1.049245777523871936e+01
1.061153561983713445e+01
1.048787430356779282e+01
1.130272671462222078e+01
1.070148184515518253e+01
1.136481056815416757e+01
1.061657837440346341e+01
1.125090452678141162e+01
1.089185876949555620e+01
1.117002960068879602e+01
1.047254763136981204e+01
1.038010837079834481e+01
1.145311482846584639e+01
1.133388651695644533e+01
1.085698950102920612e+01
1.122378019173370056e+01
1.066796295351414869e+01
1.135124767682016866e+01
1.139742855921870657e+01
1.133536434410980931e+01
1.080948096616296183e+01
1.112610667748508675e+01
1.083114009847530923e+01
1.050361157069916018e+01
1.155238229849096321e+01
1.142755787325519456e+01
1.152523730578290539e+01
1.096978656267833685e+01
1.093203099618692065e+01
1.088911926304519895e+01
1.132255077706854962e+01
1.131207516982977701e+01
1.042331472563379258e+01
1.047780122652679857e+01
1.027594355261454240e+01
1.122003158239877507e+01
1.057951088739874024e+01
1.118648905195118637e+01
1.069544755374632317e+01
1.058737488750639244e+01
1.108435817967733783e+01
1.077793313133052777e+01
1.023246244673228666e+01
1.122194311908322106e+01
1.048342368282280113e+01
1.151380694945211225e+01
1.136104642584456492e+01
1.095901321496210024e+01
1.077102051907459668e+01
1.139680810797678667e+01
1.044107165688937044e+01
1.144301248703876794e+01
1.047280367634067133e+01
1.132348710769047528e+01
1.059784715376315489e+01
1.156365202200120734e+01
1.028114822386344862e+01
1.121016260288329391e+01
1.081825572437976390e+01
1.103820965475971683e+01
1.077668655837461564e+01
1.049172322312308303e+01
1.132666868471786792e+01
1.055952846015197366e+01
1.039555886379103988e+01
1.120899798538051151e+01
1.065307124672514938e+01
1.122519818512372147e+01
1.100059024624857074e+01
1.016043387532275588e+01
1.129185443600206540e+01
1.112992607587151817e+01
1.036435678952279460e+01
1.137344048349751269e+01
1.042153772390894240e+01
1.110708908161941011e+01
1.133059295102171760e+01
1.076425785252276590e+01
1.060206658154095472e+01
1.135455687792948964e+01
1.149288900978742234e+01
1.132255405694279027e+01
1.069683898757265439e+01
1.118942147130144171e+01
1.103012759161515177e+01
1.102890060598666899e+01
1.108694021778873129e+01
1.051791846718467305e+01
1.096100644021090176e+01
1.084815732451981241e+01
1.114154110781537632e+01
1.130941204254411048e+01
1.120622099434952545e+01
1.076267299470867655e+01
1.107670396387382361e+01
1.083014983584135393e+01
1.131108348674554875e+01
1.084383144395964393e+01
1.116870049133147802e+01
1.067888557979891573e+01
1.036009424749854269e+01
1.140722150169727200e+01
1.054846855752971280e+01
1.073839330442866924e+01
1.142389851593949324e+01
1.126579698178140987e+01
1.070497257589220119e+01
1.124456308011961525e+01
1.048089573563239618e+01
1.042281893124754433e+01
1.114618152935819495e+01
1.084122901606699862e+01
1.058230482948437867e+01
1.067283510009947634e+01
1.105390557859328737e+01
1.113978623454344508e+01
1.078050730894686815e+01
1.121230454568429380e+01
1.103640188895149166e+01
1.062694872676156166e+01
1.135521022698200788e+01
1.125601381282536195e+01
1.068426702883431290e+01
1.045678098893941588e+01
1.131527087312544211e+01
1.057081532049384975e+01
1.108666291853464614e+01
1.075770230659905202e+01
1.115956357618983930e+01
1.059464224778388264e+01
1.043283282789474420e+01
1.108733044309511229e+01
1.043989345964576998e+01
1.102424532421303027e+01
1.080579975173561991e+01
1.108630039629699837e+01
1.090388208968539807e+01
1.109227121467091415e+01
1.070686362543612091e+01
1.134955419974976110e+01
1.129558003518138420e+01
1.122285433877665461e+01
1.117268494168933479e+01
1.072079655577770652e+01
1.060109781956676578e+01
1.105388114552869361e+01
1.094701419418767152e+01
1.054954243889340759e+01
1.104091043586274701e+01
1.087408638898931379e+01
1.056794622870472544e+01
1.041031733242960122e+01
1.104243639300651303e+01
1.097804383853813093e+01
1.051473971001052199e+01
1.134560808463372794e+01
1.127982204968026814e+01
1.098508247620317313e+01
1.095323222416333309e+01
1.110186696288330310e+01
1.088815456657247083e+01
1.131036698144289865e+01
1.121417009156502687e+01
1.102644915762230760e+01
1.078937605849588977e+01
1.114017183287506718e+01
1.119353108856798151e+01
1.063353973893452320e+01
1.145194694224790588e+01
1.113130756427307411e+01
1.110727808481001766e+01
1.053621568535491804e+01
1.040501835439944323e+01
1.104169605620677785e+01
1.061641125128950947e+01
1.043078691615888509e+01
1.117810800388998338e+01
1.038383722969430067e+01
1.024647956258586667e+01
1.118027212565017336e+01
1.058020198911051857e+01
1.057051813250151895e+01
1.127010459520798591e+01
1.052277817753204303e+01
1.118489348581950615e+01
1.143926543347989444e+01
1.109171195384571007e+01
1.073479309136877013e+01
1.139516394461480076e+01
1.113240965221458723e+01
1.123032841577057717e+01
1.069636641563184121e+01
1.091887665192128054e+01
1.056002367449911361e+01
1.046604960866600997e+01
1.116757411649187759e+01
1.053862205956478348e+01
1.122372651945237720e+01
1.149538143832882398e+01
1.134855477571162297e+01
1.122111306220561922e+01
1.085803548258133944e+01
1.092586859831798307e+01
1.103408838372122069e+01
1.114636907137650290e+01
1.115762057849830668e+01
1.108057377514611197e+01
1.099744506941124200e+01
1.134376091018951804e+01
1.125982288505510276e+01
1.118147076328129685e+01
1.114399404595624610e+01
1.069865505617837442e+01
1.103215423637316128e+01
1.052017779409072951e+01
1.126774911731908624e+01
1.047936269127594500e+01
1.103813370790740045e+01
1.042022644895395089e+01
1.060147865176206672e+01
1.131722637257469088e+01
1.113113897368769578e+01
1.134730144474089641e+01
1.128213841155801411e+01
1.115725021319360266e+01
1.098608283692269794e+01
1.056311557235947696e+01
1.129001152113918316e+01
1.109899281640161206e+01
1.120340887173771272e+01
1.116438569606023457e+01
1.021856316469616210e+01
1.095226891571864414e+01
1.148492438142150007e+01
1.110184506099677293e+01
1.132134207006741100e+01
1.136547847331918248e+01
1.110972780888208433e+01
1.105969725592949437e+01
1.106275287151476761e+01
1.135145081610077256e+01
1.126841277765879923e+01
1.102399686632567821e+01
1.086929388474317193e+01
1.115317433890085574e+01
1.031268118385471944e+01
1.102730027714370031e+01
1.086714049466315046e+01
1.099845901322433583e+01
1.053034453545561355e+01
1.038793062922323251e+01
1.097438596323639537e+01
1.086345511259600372e+01
1.101642273110632964e+01
1.039583678830041968e+01
1.115798587857984536e+01
1.087149237278400093e+01
1.120333963704990943e+01
1.093256414146168609e+01
1.061148488961173797e+01
1.125055528443096264e+01
1.105441201228069836e+01
1.086952730332324890e+01
1.040964502981905326e+01
1.110625106406055096e+01
1.120623389315826124e+01
1.102937242335595158e+01
1.051344896597615808e+01
1.104659754474741007e+01
1.054307865218871143e+01
1.114808285169780966e+01
1.114368631786220476e+01
1.074438625912882372e+01
1.071607771785485141e+01
1.057096383826256414e+01
1.099233257946585418e+01
1.048285560694757024e+01
1.046941633433990404e+01
1.098443101929495747e+01
1.046786567618638486e+01
1.126367416178186254e+01
1.128179533873799301e+01
1.116297744463546771e+01
1.042733828354040071e+01
1.090713847726671837e+01
1.051766667371540720e+01
1.125821632020720742e+01
1.075956997095049772e+01
1.084393048998211029e+01
1.090619584644946194e+01
1.130904237663701650e+01
1.100765600388347210e+01
1.028675582974745772e+01
1.108578445530905654e+01
1.107988999177263345e+01
1.098196666400106380e+01
1.058472140559285535e+01
1.130422163878887609e+01
1.121471847940861011e+01
1.130849918819764532e+01
1.095958255190139852e+01
1.064617937803869729e+01
1.118429699169829838e+01
1.129801594357414807e+01
1.109754307231987092e+01
1.129239416293822451e+01
1.089024205969971248e+01
1.083104830663051033e+01
1.061621056110688954e+01
1.106717498849589809e+01
1.100360315134795819e+01
1.112169495659365914e+01
1.101520971554966977e+01
1.052581643197631855e+01
1.117903353960648616e+01
1.114902553074731273e+01
1.046812449558147051e+01
1.091799259546971967e+01
1.092334433653974202e+01
1.076886036174366090e+01
1.106236385101970221e+01
1.108924260457011179e+01
1.042651066040809127e+01
1.081586478389744421e+01
1.016612903368126197e+01
1.100365798376996196e+01
1.106832223690665096e+01
1.079899070438027309e+01
1.105222953118388496e+01
1.109958124578641403e+01
1.062745425534520116e+01
1.103155045695043945e+01
1.058769650579580457e+01
1.128046391491208489e+01
1.109567829632891467e+01
1.105332519098449673e+01
1.113781796115789469e+01
1.125354573913635292e+01
1.119260050394278316e+01
1.039391555097531139e+01
1.101772524912850848e+01
1.116980992554160323e+01
1.107713244890449644e+01
1.116914085349671559e+01
1.095873208912113661e+01
1.033096409287170658e+01
1.113175692184146826e+01
1.107421165154922171e+01
1.043024825826731572e+01
1.101321624110790331e+01
1.081342874121025588e+01
1.130700531413786258e+01
1.094748246433066186e+01
1.025072992403220518e+01
1.100256681119054569e+01
1.089208921031545074e+01
1.066837847993691213e+01
1.119323441863457980e+01
1.108281294883277290e+01
1.034059844678431617e+01
1.109859086851693100e+01
1.095089346357783988e+01
1.089000171833486874e+01
1.089641867949013054e+01
1.047285023648875857e+01
1.012527349837538004e+01
1.095917272283205257e+01
1.039669717806103755e+01
1.098339094226285084e+01
1.110282261359213685e+01
1.095669784650166001e+01
1.071283615693499058e+01
1.054848809490663797e+01
1.126642997568224480e+01
1.132368726803277248e+01
1.074659698434079225e+01
1.091944281414257922e+01
1.108794055492367647e+01
1.127876110790085917e+01
1.114747299293915894e+01
1.024901921143677264e+01
1.102960492057513520e+01
1.073326284210429371e+01
1.072923301500778415e+01
1.049472039452433769e+01
1.104850565757928216e+01
1.037602747280795867e+01
1.081970287853561352e+01
1.080728889415590643e+01
1.055527684517503850e+01
1.038091422786167684e+01
1.103804506377449179e+01
1.091100735682989864e+01
1.054003959824427739e+01
1.094269000247931700e+01
1.063496778724697833e+01
1.091885996257853897e+01
1.056264278394853839e+01
1.106588814286551248e+01
1.117226674464430225e+01
1.098613992647212179e+01
1.040605079191561089e+01
1.082518525289230382e+01
1.036232080166425717e+01
1.107938359899471692e+01
1.107906111339089783e+01
1.063065330849642365e+01
1.039030074113587432e+01
1.103289816947650337e+01
1.113977120318165248e+01
1.039425029683521196e+01
1.105005448173234583e+01
1.058491918069307225e+01
1.077313502077940477e+01
1.118969399701501466e+01
1.092331959395413499e+01
1.086460838723670186e+01
1.091955929064715747e+01
1.097831277245065884e+01
1.075697716872822873e+01
1.109191897199204746e+01
1.065613344117851824e+01
1.129198150520940125e+01
1.078784661720622751e+01
1.072019139291225365e+01
1.077229513294413188e+01
1.104217302930363154e+01
1.033472202882498081e+01
1.108162895089574818e+01
1.081098960902599337e+01
1.070706719807726159e+01
1.102787112106440226e+01
1.029946124845938904e+01
1.122615598722762620e+01
1.063466329413725120e+01
1.030139931521477870e+01
1.116339517454391306e+01
1.095221492313557832e+01
1.106578121433030049e+01
1.075495247839596935e+01
1.106819229039052210e+01
1.122640641588156818e+01
1.072565971119850126e+01
1.092419288374781772e+01
1.103012116051558955e+01
1.106321326705126040e+01
1.060568027670994340e+01
1.106303393684753900e+01
1.047025980174358217e+01
1.122198870768273160e+01
1.095116428136149445e+01
1.028589780214702820e+01
1.098161348221959166e+01
1.114665023264157462e+01
1.102870652925242467e+01
1.110643503746866223e+01
1.111820246560232306e+01
1.100907981915350042e+01
1.059245710574941235e+01
1.125498521752830250e+01
1.089797761616348559e+01
1.070476801880752049e+01
1.124157730457629434e+01
1.105751097229154922e+01
1.079735151575235008e+01
1.077441504068147893e+01
1.077370566838862764e+01
1.123461017438214427e+01
1.066423521358700910e+01
1.062308055653435446e+01
1.089053563824057491e+01
1.078870198732749230e+01
1.093205524742554857e+01
1.119067093322669315e+01
1.113374772774498922e+01
1.060631385684236783e+01
1.101397992456145580e+01
1.068038872490287261e+01
1.090551763817353859e+01
1.115172919867215562e+01
1.113346822384481172e+01
1.101171175973890470e+01
1.033465803305360176e+01
1.076284009716513523e+01
1.110014693847449330e+01
1.087738061862115480e+01
1.109838151141633134e+01
1.096501805304046329e+01
1.087762808442765028e+01
1.073901147027008562e+01
1.093930907073641023e+01
1.093628602973156383e+01
1.075393050891332969e+01
1.111444809901784936e+01
1.103689739945298243e+01
1.115995590408033600e+01
1.072889763291220611e+01
1.054923032607801403e+01
1.107838069716015639e+01
1.119825511933365902e+01
1.079783619901373548e+01
1.069919425365653431e+01
1.091869332049533625e+01
1.089306292724586456e+01
1.102050330627139374e+01
1.042860251719975651e+01
1.044473617714714919e+01
9.891486225974851720e+00
1.112634444964444747e+01
1.109957576514858957e+01
1.104461240810570821e+01
1.113150168303267762e+01
1.118050025954769211e+01
1.077172262770396571e+01
1.117114959313175326e+01
1.103196804001045983e+01
1.090975842339409674e+01
1.100332198593427613e+01
1.045221784429176104e+01
1.118870142847039517e+01
1.071784170720576412e+01
1.054440282069648305e+01
1.086374845547499568e+01
1.111630822290615583e+01
1.124096261866266389e+01
1.107585735015091721e+01
1.093297568845731504e+01
1.053480575234807048e+01
1.056742252580941965e+01
1.103201300269020813e+01
1.131076591219058791e+01
1.091598428181591451e+01
1.099994091684797226e+01
1.057814366292961239e+01
1.095107144477269223e+01
1.111922796827098914e+01
1.102776090317284741e+01
1.102070765496126370e+01
1.058448753762808003e+01
1.078693312516362646e+01
1.104981419035125789e+01
1.097336562195371279e+01
1.104118086261414433e+01
1.114769440518364974e+01
1.082325818737716538e+01
1.104444395020881942e+01
1.094130756628945988e+01
1.091394139147439191e+01
1.032840818661914462e+01
1.084129877162453504e+01
1.068123918040804199e+01
1.095765139178015524e+01
1.104192833613397084e+01
1.116146456985462443e+01
1.084387107359226476e+01
1.088719669850363836e+01
1.084070071123068146e+01
1.065765647949895900e+01
1.099469698717813060e+01
1.078449911394463889e+01
1.109313105683764000e+01
1.125475847630687909e+01
1.113312753461394955e+01
1.096815328430336223e+01
1.090432171980975795e+01
1.044287038327393802e+01
1.112298309691912479e+01
1.090334704168563285e+01
1.090821566127088360e+01
1.091422778197276244e+01
1.104119972457126586e+01
1.094427243047492126e+01
1.097192279753268629e+01
1.085493825132038204e+01
1.112598260747645007e+01
1.075912490335934102e+01
1.059367440794079940e+01
1.073723029202180435e+01
1.089082901845945983e+01
1.103381353043825364e+01
1.105002983103845082e+01
1.053689883107474579e+01
1.027853549754509288e+01
1.102982439476038046e+01
1.073287942208063583e+01
1.049385670036621043e+01
1.080687936036083308e+01
1.094713129228787629e+01
1.084167711482415086e+01
1.100803615238432798e+01
1.067093704665710518e+01
1.089419321482791503e+01
1.110018534543003632e+01
1.076948368400949896e+01
1.112568253252020867e+01
1.121421650341360987e+01
1.082076938825604984e+01
1.077832484534047808e+01
1.014383028853336022e+01
1.103035968501825614e+01
1.096818301714529298e+01
1.098255709586974582e+01
1.075658993463003910e+01
1.084582732324612664e+01
1.097641948220156749e+01
1.088725941011645837e+01
1.087464026502493475e+01
1.112828817211566523e+01
1.067682475838304690e+01
1.063071801565645558e+01
1.075674729906760341e+01
1.086115835550993047e+01
1.067509018489355199e+01
1.061666194776099026e+01
1.069107741511832010e+01
1.089884223446196287e+01
1.055731206366225194e+01
1.094405233708981307e+01
1.032684784328837679e+01
1.102553115282205631e+01
1.063933499957100537e+01
1.092751340232188362e+01
1.077573766042507408e+01
1.101541656967931360e+01
1.094506538191332723e+01
1.084501821081417994e+01
1.038849611012475016e+01
1.101586329874115933e+01
1.081499786685530040e+01
1.122080552718771429e+01
1.051810717147172802e+01
1.079352113447875716e+01
1.105601893319311024e+01
1.078901669695348886e+01
1.059074007792332850e+01
1.080990945821615945e+01
1.102594157453844836e+01
1.109066978612268350e+01
1.118030861315781443e+01
1.087209591542453779e+01
1.089086458359794385e+01
1.109660892608491700e+01
1.056781536217379802e+01
1.087592982292067845e+01
1.098798428384368719e+01
1.100086627632384761e+01
1.086887340685599312e+01
1.034801230475105882e+01
1.112823673591518414e+01
1.104003515288396642e+01
1.104680238400657188e+01
1.022222494143161597e+01
1.052153192752544086e+01
1.099483690973301897e+01
1.096185246517931411e+01
1.092298135123355962e+01
1.057702847403353275e+01
1.097770928208035279e+01
1.083658154384422545e+01
1.072362696663733317e+01
1.094838637526945568e+01
1.106920721490034865e+01
1.106895369337043000e+01
1.088232091048628902e+01
1.092694128906657625e+01
1.053701929249503344e+01
1.101121360307295838e+01
1.080314330313464133e+01
1.087162244423131341e+01
1.088063186285918249e+01
1.089124652463674181e+01
1.068760044075873061e+01
1.051469747661655596e+01
1.091578295314304370e+01
1.103291739460560272e+01
1.094887653229884172e+01
1.083066054165770886e+01
1.088733108594944987e+01
1.068691873257261093e+01
1.041790892462511664e+01
1.102837645529548460e+01
1.045204700925022756e+01
1.095727783050339710e+01
1.099337254415855725e+01
1.111380500653814707e+01
1.101783142756380585e+01
1.110270803334301348e+01
1.058680252863451443e+01
1.084553145548244224e+01
1.073797650391643543e+01
1.108480758371537789e+01
1.092556516970324587e+01
1.100284843625947140e+01
1.073853214908873532e+01
1.114848572655447967e+01
1.098820448658942617e+01
1.085837079494939239e+01
1.108776552016431616e+01
1.097285086630911799e+01
1.085947078673011035e+01
1.060308487738065963e+01
1.093368486044795773e+01
1.094851093165741318e+01
1.040845926210673689e+01
1.088151352752952228e+01
1.086462729715701414e+01
1.091624421581413173e+01
1.098932523599162003e+01
1.091785900601086823e+01
1.096368245297825794e+01
1.081070113611495742e+01
1.081062628832251526e+01
1.083962205393439682e+01
1.100535445219292541e+01
1.044396596358739870e+01
1.121690942368082489e+01
1.096008297650842955e+01
1.095479210129374792e+01
1.064848364574066331e+01
1.108375442798971378e+01
1.099557772057323923e+01
1.067862489170175522e+01
1.099811896737807970e+01
1.077066906383743650e+01
1.082088424727198905e+01
1.102436298293924644e+01
1.101912973382512817e+01
1.104330685468104001e+01
1.096684969012631505e+01
1.095658326711500052e+01
1.079120210571525362e+01
1.106173474383998467e+01
1.073940210471933199e+01
1.081799304763266889e+01
1.096930463126139266e+01
1.095213773657715883e+01
1.083789870616219631e+01
1.091373066942208858e+01
1.047431365904057188e+01
1.092324535773839145e+01
1.088059548887305539e+01
1.094122841645414468e+01
1.097459855188564681e+01
1.059407939306993107e+01
1.097372560400732588e+01
1.071037888693603968e+01
1.098034248570161608e+01
1.092702308577347026e+01
1.077776018936600799e+01
1.096481573550804534e+01
1.089432545495476035e+01
1.081831875038842128e+01
1.056269955224717449e+01
1.054995177826378949e+01
1.099635909807411416e+01
1.073920052120427471e+01
1.110709990126535729e+01
1.066854160919575456e+01
1.078250779774943524e+01
1.044074609734928138e+01
1.095845836617539071e+01
1.079484233447224995e+01
1.087710553056104423e+01
1.048260542187729349e+01
1.049136659843262898e+01
1.086033922190481249e+01
1.106900677180046699e+01
1.080168347893122593e+01
1.078967909292384064e+01
1.054942544383396630e+01
1.073153484888969622e+01
1.080024066314489595e+01
1.086433454748864946e+01
1.067519241247530992e+01
1.104776322695838964e+01
1.098014718420153457e+01
1.077923358728875236e+01
1.092140208681574265e+01
1.079248576574947727e+01
1.101471555736670993e+01
1.098799137018036376e+01
1.097794932221250441e+01
1.092631931318161698e+01
1.050687252223732671e+01
1.092429985252763025e+01
1.034627190647678852e+01
1.095660618541080744e+01
1.090942646773330971e+01
1.076576587645939043e+01
1.056622312540607211e+01
1.065230231251822168e+01
1.094785673735463050e+01
1.095090121497886493e+01
1.090745505229389423e+01
1.091819290264158759e+01
1.082117648683058775e+01
1.081553723486368845e+01
1.096259896122143829e+01
1.067187975785678589e+01
1.048690673223408432e+01
1.075981038757317698e+01
1.088802043374117900e+01
1.099077503472566875e+01
1.102810442317226780e+01
1.084095001029895577e+01
1.096752803972624690e+01
1.095687343245253764e+01
1.067782738247488972e+01
1.065247159224719020e+01
1.071323764986651561e+01
1.076941315648802799e+01
1.092531075666002138e+01
1.064807973295176780e+01
1.101203459796442452e+01
1.087332833258335718e+01
1.086285837925934672e+01
1.101128094477057040e+01
1.055371514200360572e+01
1.063944599852518458e+01
1.093814702005889039e+01
1.063533605531068105e+01
1.085226576903560058e+01
1.063892244968845802e+01
1.073116275603253911e+01
1.086299106206931597e+01
1.089352244955040305e+01
1.031469524092981160e+01
1.100227811691961755e+01
1.042909175645601749e+01
1.085615281810480326e+01
1.085211034795210949e+01
1.101858704544821599e+01
1.059901460625738601e+01
1.077341460614233704e+01
1.066776991810888653e+01
1.098871558237912360e+01
1.066625217263909420e+01
1.061118042012119389e+01
1.082950550433087322e+01
1.106551377775448408e+01
1.072235816681387988e+01
1.078230243428735236e+01
1.092898107428951349e+01
1.073287942208063583e+01
1.086780638942936505e+01
1.080522646543917631e+01
1.084627066264330963e+01
1.086479716546115171e+01
1.058192488882782101e+01
1.084735258761218013e+01
1.074932619143461032e+01
1.096477075609368512e+01
1.101367194631366608e+01
1.104547852361023885e+01
1.051587914131973633e+01
1.099860464440198804e+01
1.089111334351824034e+01
1.076577769701314757e+01
1.078094246896096209e+01
1.058592463121329530e+01
1.070792119760158556e+01
1.069871038549173115e+01
1.095914233401624927e+01
1.101214214776738842e+01
1.082357996679031231e+01
1.077793313133052777e+01
1.104325054026255870e+01
1.074979375262939385e+01
1.077591140950494442e+01
1.090550903290931650e+01
1.085259588556453636e+01
1.088834233675647312e+01
1.071666207985896513e+01
1.061510524846172387e+01
1.076954243135948985e+01
1.085580613957223761e+01
1.083501790899248363e+01
1.072408384153622229e+01
1.087400324066791057e+01
1.099462702403235426e+01
1.085745043440090463e+01
1.091762510757561699e+01
1.101596326047276087e+01
1.095987831371042631e+01
1.092988367540620409e+01
1.087519339597321100e+01
1.085277052462133085e+01
1.072677627998022842e+01
1.062998944270483825e+01
1.079112382050093544e+01
1.067679568039473281e+01
1.023010874153908567e+01
1.078486223154799717e+01
1.076977739180658311e+01
1.085038713938550181e+01
1.093779620334356650e+01
1.063379679610287099e+01
1.068028771332222782e+01
1.104440653306871667e+01
1.037492107379301309e+01
1.102806554354802060e+01
1.080331727046674573e+01
1.094891540147824038e+01
1.097895169707047103e+01
1.071221979150939951e+01
1.055210905502592311e+01
1.094369837931692935e+01
1.058076493122692696e+01
1.066225398195550689e+01
1.104735435780018626e+01
1.082836789932744459e+01
1.089354010355765112e+01
1.094473580253144362e+01
1.082329973941633483e+01
1.082967947483405879e+01
1.070732494704831161e+01
1.072485296694305745e+01
1.090475228508119088e+01
1.063717279445589803e+01
1.076466209143826624e+01
1.036557977668679342e+01
1.078623264749512245e+01
1.095048307391216547e+01
1.066772534946570516e+01
1.088348851897997172e+01
1.068819605127543326e+01
1.034464954621104837e+01
1.049617822756203189e+01
1.061433319566444666e+01
1.091847653996519618e+01
1.093153765170266922e+01
1.068656326088726516e+01
1.079736255451791394e+01
1.069455468842251555e+01
1.085144912438324738e+01
1.091068485827587686e+01
1.086975125275729681e+01
1.098549002431194666e+01
1.078640220037355135e+01
1.086629498559736184e+01
1.086180497144017743e+01
1.086030110791550740e+01
1.092565540607431629e+01
1.074990440112445711e+01
1.082086337831402290e+01
1.085074793091676426e+01
1.070122060388414731e+01
1.076564729646656460e+01
1.089661165701595280e+01
1.080319766956922223e+01
1.077408961609333105e+01
1.072888473696054668e+01
1.096417814603698382e+01
1.078311185046593046e+01
1.079085540992126369e+01
1.083198560796241949e+01
1.093214414547109037e+01
1.069898695608332417e+01
1.069715840445718769e+01
1.086330364539088578e+01
1.065950737697439088e+01
1.094533200601608236e+01
1.077055186565713463e+01
1.088708014949656544e+01
1.094153694108917207e+01
1.075753321516039485e+01
1.067126132855649878e+01
1.081784587741974235e+01
1.087658238666373656e+01
1.082861410510729527e+01
1.054477758108390262e+01
1.078555362720797994e+01
1.092939602909518548e+01
1.070748763409050497e+01
1.071232704083750775e+01
1.082549526207338708e+01
1.097420997190306302e+01
1.065689562798610446e+01
1.074633675050213455e+01
1.076061478655187287e+01
1.070251144988176151e+01
1.085240172730657449e+01
1.080110472951695400e+01
1.024004488755600484e+01
1.079138092175662855e+01
1.089613780773044027e+01
1.063586390850765007e+01
1.094001593220665214e+01
1.070621154515339235e+01
1.071176364288385408e+01
1.073041761255026216e+01
1.087597580075668802e+01
1.088638039084014153e+01
1.078822949487558525e+01
1.066675865603883011e+01
1.048904154098796759e+01
1.080480413029707343e+01
1.079969287930282640e+01
1.095836707594221693e+01
1.062764981758293992e+01
1.093544477739165366e+01
1.088909252999549970e+01
1.082059181093108258e+01
1.065852222869738952e+01
1.047201178998271232e+01
1.081686701425500630e+01
1.085791083787420064e+01
1.071827827646789721e+01
1.092608992832016490e+01
1.080284956930121254e+01
1.082046645285236863e+01
1.107734648326308147e+01
1.089006402624031189e+01
1.079490885128776512e+01
1.084621160791222039e+01
1.092019937148188724e+01
1.087722474758346891e+01
1.075329663388189516e+01
1.028963913536377461e+01
1.076170492714454596e+01
1.074747566191530090e+01
1.060975674549764491e+01
1.051932144267595604e+01
1.064910432511735827e+01
1.051925875592853465e+01
1.058558376050219962e+01
1.040392895390084504e+01
1.068999207160260667e+01
1.090078356710915841e+01
1.056394641894534203e+01
1.050536386362658980e+01
1.071146824597048841e+01
1.071688765603969173e+01
1.090390796478436641e+01
1.063720468431277233e+01
1.091197345447743139e+01
1.065337841981318689e+01
1.071862195711756449e+01
1.087520262337721277e+01
1.085113764120557001e+01
1.066324574368564093e+01
1.074480941488560681e+01
1.076821258492709354e+01
1.090562070343015577e+01
1.081798256617216403e+01
1.047438323009759742e+01
1.082000634684105123e+01
1.083669229671410683e+01
1.060339507357089417e+01
1.090000110300016445e+01
1.059349819476562260e+01
1.071029810523976344e+01
1.037454189528378734e+01
1.071152196682288249e+01
1.043545282735521873e+01
1.098058831446805073e+01
1.058043813660543186e+01
1.026285981774232425e+01
1.082176037665894519e+01
1.091662961346169425e+01
1.068533821398918349e+01
1.057327800470256030e+01
1.032387422150077505e+01
1.062014009366229317e+01
1.074206409526981609e+01
1.057386845574656853e+01
1.020489481897985051e+01
1.065006466011645969e+01
1.084276058673922982e+01
1.058335244374763739e+01
1.060982464198516162e+01
1.085787251016183497e+01
1.086793756936146771e+01
1.066127505138867093e+01
1.078431739240650344e+01
1.083565411977807003e+01
1.076133385535572096e+01
1.024431898095016891e+01
1.083377305118992773e+01
1.080732121420357217e+01
1.070370273077755385e+01
1.062334391306311154e+01
1.074973227199695991e+01
1.074896903989958119e+01
1.078511171108449851e+01
1.074231439790633225e+01
1.063600777592831292e+01
1.091714021284810876e+01
1.056184732912388036e+01
1.059495853092651174e+01
1.080359985386203014e+01
1.089235501028680630e+01
1.088954734292875060e+01
1.079581676808136237e+01
1.081517770031627457e+01
1.080432716560425810e+01
1.069596292313429586e+01
1.073615302246882486e+01
1.084708729175312492e+01
1.058016562629507362e+01
1.092757058976931717e+01
1.072554270917358998e+01
1.062454335567893438e+01
1.060396322260190693e+01
1.080809608221029983e+01
1.069480599051152048e+01
1.055218658866697190e+01
1.066962267910083284e+01
1.070817841129333736e+01
1.072184699143101305e+01
1.068352280369592577e+01
1.078041559405706273e+01
1.073527652744622785e+01
1.060036982730452948e+01
1.060745883627988029e+01
1.080441392119138477e+01
1.087806759708684190e+01
1.069774105864652824e+01
1.088675730922748919e+01
1.086926586286936214e+01
1.079435429655719680e+01
1.091043008296174399e+01
1.054254391657929624e+01
1.072747594284772887e+01
1.080575649107136194e+01
1.080117029413421292e+01
1.067653373441928366e+01
1.075495247839596935e+01
1.090683021378071516e+01
1.092755423120708613e+01
1.077669813508579821e+01
1.086903230369378548e+01
1.052830146844634562e+01
1.074386300368460923e+01
1.094996372319552158e+01
1.077327486099841103e+01
1.072222714849523939e+01
1.078984730586003948e+01
1.059781223879798162e+01
1.096568431594232074e+01
1.075207505919806827e+01
1.073212442056688865e+01
1.082948504557113445e+01
1.075644464254178700e+01
1.065605712919778369e+01
1.060456493451358817e+01
1.054471842096400103e+01
1.073572134348376750e+01
1.067211510046300127e+01
1.079973670105943917e+01
1.077857810756851897e+01
1.064208568123856580e+01
1.073045616295555682e+01
1.084365317231381809e+01
1.074327666211226351e+01
1.081877013925486075e+01
1.066843780385949714e+01
1.064547630744470830e+01
1.078756488255538137e+01
1.062477301347522562e+01
1.050071896057657028e+01
1.065466627824305590e+01
1.085322624902683053e+01
1.081677215521700575e+01
1.008177783487349366e+01
1.049460977386221394e+01
1.065712401688961464e+01
1.077621239342805026e+01
1.071486661666310525e+01
1.074947391064756452e+01
1.062354129919962453e+01
1.055329001439454117e+01
1.067149700643505206e+01
1.059469498393507081e+01
1.066507302290953163e+01
1.092929842010659591e+01
1.081892745558037738e+01
1.058509890864830183e+01
1.087467714120012729e+01
1.078396520338817766e+01
1.061394663590253806e+01
1.072860076258821316e+01
1.068939892082023491e+01
1.065290216757811237e+01
1.069835060401331006e+01
1.075273513309872619e+01
1.055452561806992584e+01
1.072262008493360419e+01
1.061028267495376198e+01
1.087452953838139535e+01
1.063977882527147045e+01
1.062678551270505167e+01
1.071270223383795894e+01
1.054731357763786193e+01
1.048262815859612473e+01
1.079097845803900313e+01
1.070602116440725560e+01
1.072251534789748995e+01
1.066288536211031079e+01
1.052801466701978406e+01
1.061652826577498132e+01
1.089459867670515614e+01
1.077511168728003810e+01
1.081585420554456078e+01
1.056013789031827343e+01
1.073725561987344257e+01
1.062529748496251614e+01
1.079072111834471848e+01
1.071594479078698114e+01
1.043219451692130306e+01
1.090202388038176373e+01
1.063507990787930702e+01
1.064596076840073202e+01
1.068167095763786456e+01
1.086888276952040400e+01
1.080925579814763893e+01
1.053024262757808671e+01
1.070138562287320916e+01
1.087160387638995829e+01
1.074480941488560681e+01
1.068187231510636970e+01
1.070373009133228770e+01
1.080376280812175693e+01
1.050495348455619826e+01
1.064425496696772733e+01
1.082488538315827320e+01
1.040689120193760608e+01
1.063308948787275376e+01
1.087158526782131673e+01
1.067805952490916255e+01
1.064014303794032656e+01
1.075898043113181046e+01
1.059402658211031500e+01
1.057027648745468973e+01
1.074297697889462455e+01
1.076854249215419301e+01
1.080397992318734346e+01
1.082071717773159492e+01
1.073668564440949957e+01
1.047952311421991389e+01
1.063974712387928712e+01
1.056148701879903840e+01
1.064383141450651848e+01
1.073830492315160257e+01
1.081618151569326081e+01
1.062878869418991101e+01
1.077479836203817420e+01
1.043050485322571497e+01
1.067871181549862136e+01
1.064560137053530653e+01
1.068116718610110993e+01
1.067036157598950652e+01
1.071551916771507962e+01
1.067892901779160830e+01
1.072205679092446573e+01
1.065348588733456836e+01
1.046576586296215616e+01
1.063843010310058723e+01
1.077824420391737092e+01
1.085090384024673504e+01
1.074097365366029599e+01
1.076009868097968969e+01
1.058217821952742987e+01
1.075913690605251816e+01
1.075473368542891350e+01
1.064553884349178503e+01
1.068562342996433756e+01
1.070336074009383864e+01
1.072976131639356367e+01
1.042490263496970115e+01
1.013702712002737094e+01
1.052830146844634562e+01
1.080847228487026612e+01
1.055931877470558078e+01
1.048555300760790665e+01
1.061234642602487988e+01
1.078356715133673305e+01
1.057460542213568289e+01
1.038841132428440339e+01
1.075623870931142001e+01
1.066726458141640244e+01
1.075889611621143516e+01
1.082178120255936804e+01
1.056417276735119160e+01
1.073317341045087048e+01
1.050523429258116259e+01
1.048573378381327181e+01
1.072167648464418654e+01
1.071099786871594972e+01
1.052612525805907850e+01
1.058143593259784154e+01
1.067441780883682334e+01
1.066716047035832204e+01
1.076614499283191684e+01
1.051450723919970720e+01
1.070192144294063219e+01
1.034192157052170202e+01
1.078608558975676601e+01
1.067168842431161835e+01
1.060917914157733755e+01
1.026161278828455714e+01
1.059810879539297268e+01
1.073397763312386743e+01
1.050436960480945281e+01
1.069126036600443541e+01
1.072852327270179451e+01
1.057710168445751187e+01
1.088910142840996009e+01
1.066573015136373748e+01
1.080714884369569262e+01
1.059309266704558006e+01
1.070952974029151861e+01
1.065867394302374116e+01
1.061927733263211060e+01
1.066817076642170647e+01
1.070992082861516614e+01
1.069893166199621248e+01
1.081281227454116234e+01
1.071471999484436033e+01
1.061202564625378031e+01
1.072786413322901566e+01
1.062883744299535316e+01
1.066466927171018320e+01
1.065962846468696235e+01
1.058737488750639244e+01
1.055872727533923339e+01
1.069580977716965364e+01
1.045482082025519865e+01
1.071822538493294452e+01
1.071487993565348695e+01
1.058080124390018462e+01
1.056925272969786178e+01
1.073090594107062756e+01
1.049316889668102704e+01
1.079685528701281605e+01
1.062258638089771168e+01
1.050904006689637349e+01
1.056095546391851592e+01
1.065265617680634058e+01
1.057007192887576785e+01
1.084729363759586640e+01
1.066598378750449605e+01
1.043913973324330335e+01
1.065538518888202191e+01
1.071880689460529013e+01
1.073018607232595478e+01
1.080288222140373300e+01
1.058660560953672025e+01
1.066502817662717817e+01
1.061148488961173797e+01
1.098451696169338554e+01
1.083482585558907019e+01
1.072107254751670169e+01
1.034931306659659711e+01
1.057523081439114421e+01
1.061325675010605529e+01
1.063260657724019076e+01
1.063131612632678902e+01
1.060061262700688722e+01
1.062707923983365177e+01
1.050371996894167204e+01
1.061787996139765511e+01
1.071629029373354136e+01
1.063146150793959421e+01
1.074740146796802698e+01
1.041658663048759159e+01
1.072438384255154986e+01
1.068121036554653713e+01
1.069207577988660773e+01
1.066611798478086826e+01
1.060123633587809522e+01
1.046322785685878465e+01
1.065896203150785126e+01
1.062408367543124399e+01
1.048742456663719835e+01
1.059293385441537616e+01
1.069435915735100551e+01
1.070539504359717142e+01
1.079320967326958680e+01
1.057998384468636566e+01
1.064873204396095652e+01
1.060987556650495378e+01
1.072099370256038142e+01
1.059499367606071019e+01
1.066413037368835148e+01
1.061811316905824931e+01
1.066092811090265258e+01
1.077061046870065475e+01
1.065400750391299312e+01
1.078709115068886781e+01
1.083410742286764794e+01
1.051873569922998186e+01
1.063451901503447949e+01
1.067265886595597024e+01
1.046136832292007313e+01
1.064247947010351680e+01
1.062184402601780242e+01
1.053345195040700411e+01
1.044642095405922078e+01
1.049562660302288641e+01
1.063424631484480187e+01
1.074088579599432691e+01
1.048904154098796759e+01
1.075040818630753492e+01
1.076421030033570503e+01
1.046417837002639750e+01
1.080237045198341406e+01
1.075021164836303988e+01
1.074937542793670531e+01
1.077898070713175116e+01
1.069879338110886557e+01
1.077296015716163247e+01
1.047145190829184358e+01
1.077935997217121589e+01
1.052836290754822457e+01
1.059127186764110284e+01
1.070913827044611111e+01
1.048868270648536871e+01
1.068999207160260667e+01
1.068476725018894058e+01
1.074861159441144665e+01
1.069483391732314637e+01
1.077263359001271148e+01
1.040305544993036690e+01
1.071132047213385441e+01
1.061004525963689460e+01
1.072109880716467067e+01
1.072537361951548185e+01
1.046803040188022926e+01
1.079162668566009842e+01
1.061084189037172720e+01
1.072943924976349450e+01
1.064210146403563861e+01
1.071119951310047824e+01
1.065029666875592795e+01
1.060428997387256800e+01
1.058116400889006314e+01
1.071232704083750775e+01
1.053808180498467273e+01
1.077346121123720479e+01
1.064564826830906874e+01
1.075355273174386106e+01
1.056611049899916921e+01
1.056721661822959746e+01
1.053635642722876931e+01
1.087213304814971337e+01
1.077353108447919894e+01
1.055400475954878026e+01
1.043387763228937537e+01
1.075230741453467509e+01
1.070117936889831789e+01
1.061072333348839614e+01
1.050618350656802313e+01
1.067845102304610805e+01
1.068992151388143874e+01
1.068863511911595587e+01
1.066784416773917954e+01
1.068898889970499511e+01
1.065187110864808950e+01
1.082009002648238472e+01
1.052517750647305306e+01
1.071086337745782124e+01
1.083884137806365011e+01
1.065636223115082437e+01
1.058855301751262701e+01
1.062126579980286145e+01
1.060739056888996323e+01
1.054192910676105654e+01
1.069539180715451465e+01
1.076042284050334708e+01
1.069785194331318579e+01
1.071422645137554319e+01
1.051098381702461992e+01
1.064793981013857760e+01
1.058221441422836584e+01
1.059167909832509835e+01
1.047993535143465316e+01
1.071521300669483345e+01
1.056029010410767199e+01
1.054558522558850697e+01
1.067581984558675678e+01
1.068944131994838465e+01
1.047063412862356913e+01
1.050137309763315763e+01
1.059289854218808991e+01
1.061696259980573842e+01
1.065484993256277413e+01
1.062291591739199603e+01
1.062037209115176140e+01
1.048953441271447851e+01
1.059077556608373349e+01
1.067273231606086625e+01
1.060413520425472278e+01
1.072630922967072387e+01
1.064661626746850054e+01
1.059061590371642403e+01
1.054940594858053515e+01
1.075560819672004698e+01
1.062057086788770732e+01
1.067982565110707505e+01
1.069901458563297858e+01
1.059423778742828226e+01
1.058705303086491512e+01
1.055975708134182156e+01
1.077173428723685156e+01
1.061394663590253806e+01
1.063900183238918906e+01
1.073068753164781342e+01
1.066219380723153520e+01
1.056334231349047137e+01
1.059885798226398279e+01
1.051526759868067984e+01
1.068259067895949066e+01
1.042775150441492116e+01
1.048609501362255081e+01
1.073654620806712856e+01
1.053728016330023287e+01
1.058297341888695797e+01
1.072934902718226802e+01
1.075990650664080128e+01
1.065997644454692050e+01
1.060945106162142437e+01
1.062634453163440362e+01
1.047740996918541079e+01
1.065179404395822260e+01
1.067339261951939378e+01
1.056199894506222314e+01
1.060542312148918853e+01
1.066730919736768968e+01
1.044684110913107844e+01
1.047063412862356913e+01
1.078666211122559559e+01
1.068293508063336184e+01
1.054410672639789226e+01
1.053203304526757300e+01
1.064158110855023232e+01
1.052799418653866681e+01
1.068083578413580526e+01
1.036319025154016060e+01
1.061686239361689310e+01
1.053079271626922697e+01
1.065360866538120099e+01
1.060508007229945804e+01
1.055539227469880359e+01
1.052946719599936110e+01
1.059897982243036552e+01
1.077643219034536770e+01
1.068103752910896453e+01
1.072365307229012821e+01
1.042531817870512789e+01
1.066916392070841546e+01
1.070247030780900488e+01
1.043065872092904200e+01
1.055357991548831542e+01
1.040602364164909766e+01
1.068158465508192023e+01
1.063028101161195593e+01
1.054926937341852167e+01
1.059176760268401907e+01
1.038360866803453320e+01
1.058241333403675277e+01
1.045586249429111270e+01
1.052165672698762933e+01
1.061507169380205262e+01
1.070069770862200187e+01
1.054778377419801316e+01
1.061195809302185467e+01
1.074667131583994006e+01
1.062683448687081444e+01
1.053409906562085752e+01
1.066255476288403514e+01
1.060196287830421902e+01
1.056942040072375910e+01
1.058792865255688653e+01
1.053138284196011298e+01
1.066759161608695905e+01
1.055261279725401735e+01
1.051579484647653651e+01
1.046880610377862730e+01
1.080940590776838306e+01
1.033099633059547173e+01
1.070812427523167187e+01
1.044743361239936696e+01
1.055782897307948076e+01
1.062482221509861269e+01
1.079215126561540927e+01
1.089848437242747003e+01
1.057559829980575294e+01
1.042996584515901048e+01
1.063595982541662188e+01
1.068438140717138651e+01
1.047662644503237850e+01
1.072779946819090391e+01
1.051743576480829923e+01
1.061014701453576592e+01
1.063139687675551848e+01
1.061048612258396417e+01
1.057927419589648643e+01
1.071667534390039123e+01
1.048591443627508113e+01
1.049125512009636907e+01
1.051678438076050170e+01
1.066520750186444033e+01
1.073378626698354132e+01
1.056385209931738878e+01
1.041310301639470737e+01
1.058353282111563942e+01
1.056392756476791916e+01
1.067653373441928366e+01
1.068839440673110808e+01
1.050805419825156051e+01
1.065668234785917257e+01
1.053734030221725604e+01
1.058545810299095180e+01
1.054501414100779577e+01
1.048614017048066493e+01
1.063138073481377255e+01
1.078271301514643099e+01
1.059448403868976030e+01
1.071339813742137714e+01
1.053060944537223520e+01
1.049949521215651416e+01
1.057370249357371250e+01
1.042793216672055934e+01
1.059460711197977290e+01
1.067774028146110865e+01
1.042064648898020707e+01
1.046795980557979000e+01
1.070604835006342448e+01
1.057322264222561436e+01
1.029077297329272689e+01
1.066115442196321794e+01
1.048183117448364676e+01
1.060875395508757002e+01
1.061053696960341419e+01
1.059894499841072779e+01
1.057051813250151895e+01
1.053790154197199769e+01
1.051473971001052199e+01
1.057816190994318184e+01
1.051930054809883330e+01
1.047798520829004332e+01
1.050970320756507803e+01
1.058096451589806364e+01
1.054091578231052395e+01
1.059157288449985224e+01
1.056975558870574972e+01
1.053385652669232719e+01
1.053318881273819230e+01
1.033347299305900613e+01
1.052146951434331612e+01
1.066674377636657844e+01
1.056473804184183685e+01
1.046182205325038339e+01
1.044726088464142855e+01
1.078401064112066798e+01
1.040003930542353139e+01
1.055466055048733942e+01
1.064633546522689045e+01
1.054402773664238069e+01
1.055971900663806018e+01
1.062033897658762172e+01
1.067894348578593089e+01
1.073717965909573557e+01
1.034853928251677502e+01
1.049210175346940233e+01
1.048564342939495653e+01
1.053663777421961356e+01
1.055939503194824347e+01
1.063647096761551225e+01
1.055758016147037992e+01
1.046077063220361048e+01
1.045971671104560485e+01
1.041841035287067463e+01
1.048514607087954964e+01
1.055330933607547728e+01
1.060866888244573758e+01
1.052225934495762871e+01
1.063118688051092597e+01
1.053842206911070001e+01
1.066966702168363135e+01
1.030572852633584269e+01
1.054844901927383027e+01
1.040387441500750754e+01
1.053191119263336972e+01
1.053649712350715717e+01
1.058547604526589225e+01
1.072860076258821316e+01
1.045253491996394324e+01
1.050822580248365767e+01
1.058092825586538588e+01
1.055761846528228354e+01
1.055516134358926728e+01
1.053661765320708277e+01
1.046093807059117076e+01
1.059651900966282589e+01
1.061559126591913937e+01
1.059189141005939305e+01
1.039134063849603606e+01
1.050456433412102975e+01
1.046560027593274533e+01
1.062973012139620543e+01
1.046225143114721590e+01
1.049201271436827199e+01
1.037611471085894799e+01
1.067271763965870868e+01
1.042862829203567365e+01
1.061577547394019483e+01
1.056831992740324999e+01
1.053484611831630424e+01
1.051560513456696455e+01
1.043288384897709165e+01
1.040572502255785459e+01
1.049367927460616556e+01
1.052267447842660175e+01
1.045634613962556791e+01
1.057535946571083763e+01
1.054839035720727303e+01
1.043227117257677250e+01
1.049639869081808108e+01
1.048485196454059398e+01
1.072307804784220586e+01
1.054359297225845005e+01
1.051973939259206858e+01
1.053393738805275603e+01
1.042056775360072507e+01
1.059341008030223996e+01
1.065838563068812661e+01
1.061626074234760608e+01
1.060189374143782537e+01
1.060829430614349178e+01
1.046934596298744680e+01
1.036671019988215114e+01
1.058572731356350793e+01
1.056921543842345379e+01
1.043798147460610437e+01
1.045856405911513143e+01
1.058109148012936451e+01
1.046232296141487161e+01
1.061549074278117288e+01
1.056962526633914123e+01
1.039666946648289070e+01
1.051457066093146153e+01
1.039998427584138163e+01
1.050021679366702898e+01
1.044237148685900962e+01
1.035973210043964521e+01
1.061646137342008878e+01
1.046652202202405668e+01
1.057828969603341918e+01
1.047468450956334607e+01
1.040621357042869732e+01
1.059258075470587102e+01
1.047574901873403519e+01
1.059495853092651174e+01
1.056496393769669417e+01
1.056556579323086176e+01
1.040006683238309648e+01
1.039156513785454550e+01
1.055047751740817574e+01
1.034236171749548916e+01
1.053128113374731178e+01
1.054825346224209248e+01
1.060130557747009483e+01
1.051330059990305088e+01
1.051172905715291428e+01
1.043367397864417079e+01
1.040028686706663841e+01
1.049886014093391040e+01
1.057001611617685199e+01
1.051055735135613922e+01
1.044974642347456673e+01
1.057135348582639267e+01
1.044689051086541021e+01
1.055998562316148970e+01
1.044600036551895705e+01
1.043843506949523992e+01
1.044227164413180198e+01
1.042586298238563280e+01
1.053016107529014178e+01
1.058515277778215768e+01
1.044772953468622312e+01
1.044192198686730499e+01
1.066297546133473517e+01
1.047194183796716693e+01
1.052459956906127836e+01
1.064603884152041324e+01
1.047403526331072143e+01
1.054019902040301737e+01
1.041093493644848067e+01
1.052286112790601891e+01
1.046805391457592549e+01
1.048955678956600579e+01
1.035045575214440916e+01
1.050629121853959091e+01
1.062976252760699225e+01
1.049525108632448500e+01
1.056609173854004347e+01
1.043009424504519878e+01
1.039321735149036030e+01
1.038668394899978686e+01
1.044164706620824745e+01
1.045547518464894665e+01
1.048151197086919595e+01
1.063973128934208034e+01
1.043377581740418236e+01
1.051856815374242338e+01
1.048935526009692865e+01
1.041117636620240106e+01
1.060101123373931387e+01
1.047789322715103033e+01
1.038460768099212039e+01
1.049183458138287328e+01
1.057458698551411480e+01
1.044567848115526232e+01
1.043058180767168786e+01
1.044942730463815828e+01
1.052711208131854725e+01
1.037733405136689235e+01
1.042544795985405770e+01
1.045846781917033752e+01
1.030926966119369936e+01
1.063249381616994249e+01
1.051283398931393620e+01
1.053822194349964647e+01
1.042973464070269074e+01
1.044552981815587422e+01
1.049243554736503548e+01
1.037692797440227821e+01
1.057849042120954586e+01
1.043770404734023849e+01
1.047285023648875857e+01
1.053300650687405415e+01
1.051431696386941894e+01
1.049741134500756878e+01
1.046953356099954568e+01
1.037430841896615696e+01
1.046578954940469686e+01
1.034869415632011602e+01
1.054131342535209903e+01
1.059716612437760830e+01
1.050050068011864468e+01
1.036325014615919216e+01
1.049564866817602038e+01
1.056091745330750520e+01
1.023234100293991844e+01
1.034521181727261840e+01
1.041727473836480300e+01
1.057912849351488838e+01
1.036525196951353855e+01
1.041616264351898558e+01
1.044600036551895705e+01
1.035005458992382721e+01
1.040735140212347964e+01
1.039528079120519166e+01
1.038197678682693592e+01
1.045214463000950111e+01
1.039447332746878061e+01
1.059088193695401614e+01
1.050798981764878448e+01
1.042271449018296892e+01
1.052492988783237493e+01
1.049642071677967614e+01
1.050374162671398004e+01
1.059036744873953495e+01
1.040972577035839919e+01
1.034477455079866459e+01
1.053762101275604834e+01
1.048906394324827573e+01
1.044629729226004322e+01
1.038730772122557866e+01
1.041077391829908727e+01
1.042769987676990873e+01
1.048530437206360233e+01
1.041502112860579388e+01
1.031315196903691422e+01
1.046372714714396857e+01
1.044666814551474232e+01
1.030521541355579807e+01
1.049791676441407162e+01
1.031506346531355867e+01
1.039153709685670002e+01
1.043014558885475296e+01
1.049474255331584871e+01
1.051503541034396783e+01
1.047787024118041010e+01
1.049553828373522535e+01
1.029814121550926842e+01
1.032613078616370395e+01
1.042407035278562688e+01
1.043106879601843673e+01
1.039600343976859342e+01
1.036492394678132634e+01
1.041310301639470737e+01
1.028230441785838778e+01
1.042955472680997353e+01
1.038753434491054506e+01
1.038189074934316913e+01
1.046079459265154377e+01
1.037325615658135192e+01
1.045897260877585389e+01
1.047764016615832894e+01
1.040291880058408225e+01
1.050280880574296916e+01
1.057869105365600149e+01
1.041621566097119178e+01
1.047542531164706681e+01
1.062128232210350731e+01
1.035514921970985469e+01
1.025065231417464062e+01
1.045443258010331533e+01
1.040433779207293696e+01
1.056464389399975268e+01
1.057229833691937593e+01
1.030387843192345265e+01
1.046329922649855426e+01
1.032203410684161859e+01
1.040983338179383999e+01
1.032295513874592885e+01
1.039857858620053754e+01
1.043142729780442401e+01
1.045099613216042478e+01
1.041235477724475089e+01
1.029447272041758765e+01
1.029740998384218820e+01
1.038085672062076092e+01
1.036662105191995842e+01
1.034832237302595637e+01
1.027977124823620336e+01
1.033315213562432433e+01
1.044009421824398309e+01
1.034047223419990935e+01
1.027193403612984746e+01
1.035988303445150116e+01
1.035377402237637057e+01
1.035746187076173364e+01
1.031619965984583231e+01
1.028053276344328282e+01
1.026598061731464107e+01
1.033051223567988863e+01
1.027296751554821697e+01
1.049960464258087001e+01
1.020644452564557447e+01
1.027988009005718339e+01
1.041531342578534058e+01
1.022593831535123954e+01
1.029499867604014085e+01
1.052899721124762955e+01
1.018756296790765070e+01
1.044634675588968875e+01
1.023869058259179887e+01
1.016076815375902420e+01
1.030743458587122063e+01
1.027605339717890942e+01
1.009586123308205785e+01
1.008063116505003620e+01
1.027480696751475442e+01
