-2.355097404903547442e+01
-2.276858083703887559e+01
-2.184937311314743624e+01
-2.271121089441269802e+01
-2.163146386337189142e+01
-2.210067618688379554e+01
-2.385904966850740649e+01
-2.168261179860434495e+01
-2.156293472444050607e+01
-2.317848839730399391e+01
-2.095696253054731883e+01
-2.250216968297514342e+01
-2.245031344839845744e+01
-2.341626516995530949e+01
-2.262592510542264890e+01
-2.064351394780818083e+01
-2.396917109354086151e+01
-2.299525754308521641e+01
-2.238758134103443354e+01
-2.240046632534037840e+01
-2.223649698877753877e+01
-2.441793755695562140e+01
-2.283294057343728056e+01
-2.182389085541543139e+01
-2.403792541012285255e+01
-2.324969676403889096e+01
-2.403109241034855970e+01
-2.283378656277747965e+01
-2.179585359706685566e+01
-2.412371335652969506e+01
-2.148653681103461466e+01
-2.386197511134011506e+01
-2.227588432222324855e+01
-2.414250192684319529e+01
-2.277424322655535249e+01
-2.205482298686057518e+01
-2.429361946154024920e+01
-2.345372812578110100e+01
-2.314541477224666366e+01
-2.378697435575330843e+01
-2.330328191060637977e+01
-2.275938413103449065e+01
-2.329949992931965852e+01
-2.276401746890245903e+01
-2.366611234014184006e+01
-2.236552624923650967e+01
-2.364583049765991163e+01
-2.376409186225599868e+01
-2.333710258247360514e+01
-2.320531158917220083e+01
-2.336046332307351747e+01
-2.342974205952951650e+01
-2.370714305291709678e+01
-2.355849847555893462e+01
-2.329858497588498878e+01
-2.322326797097437634e+01
-2.366278702040359150e+01
-2.339378396035002439e+01
-2.292595694909393345e+01
-2.361351660281401266e+01
-2.349118383382262820e+01
-2.332603883257824862e+01
-2.226410061115165107e+01
-2.352050173821349333e+01
-2.337929427651283376e+01
-2.190440500985634742e+01
-2.350990341960016394e+01
-2.370136402439172585e+01
-2.261323927348268370e+01
-2.370244503247740653e+01
-2.310303225547344397e+01
-2.191057178897267477e+01
-2.370138950457184279e+01
-2.309058758636296105e+01
-2.277462975499924980e+01
-2.316095260205538153e+01
-2.326644439491197858e+01
-2.205877803888576238e+01
-2.315841561634491441e+01
-2.270905062287631893e+01
-2.353383703610417399e+01
-2.373168717878931488e+01
-2.339587264218286577e+01
-2.153761157040156604e+01
-2.356724670151027112e+01
-2.309627816997899430e+01
-2.311264781667790658e+01
-2.339865560733656835e+01
-2.121181795620731947e+01
-2.329680315568923277e+01
-2.220453145974940412e+01
-2.313314313075493800e+01
-2.191867852322409504e+01
-2.146886211778326725e+01
-2.346675469191585606e+01
-2.278925570980276660e+01
-2.316285058690710486e+01
-2.327774182230684374e+01
-2.340612456943097541e+01
-2.339299292668361474e+01
-2.297103008066628149e+01
-2.304308509928259241e+01
-2.332658570970549761e+01
-2.335298680404277150e+01
-2.104512125667736555e+01
-2.290560585073435007e+01
-2.314617318707391647e+01
-2.333504639095786004e+01
-2.276288186910032607e+01
-2.356516196911668004e+01
-2.306279393984731030e+01
-2.303595199592624709e+01
-2.285177412510747530e+01
-2.324387447557913333e+01
-2.171726519412110079e+01
-2.325665343861841450e+01
-2.345100408851057594e+01
-2.301007290876353295e+01
-2.287500439142365138e+01
-2.315480853399181882e+01
-2.134493273526546631e+01
-2.287135755798398407e+01
-2.276285066593662521e+01
-2.337283059765769622e+01
-2.303134890070269236e+01
-2.303300807448164278e+01
-2.255151519110444269e+01
-2.205966183237636358e+01
-2.299523193312437286e+01
-2.167011622779533653e+01
-2.302685547220335849e+01
-2.316738476309361161e+01
-2.289766560497844949e+01
-2.282408021810086751e+01
-2.308999935880314425e+01
-2.261345736648586424e+01
-2.321540276369760392e+01
-2.266073587771771969e+01
-2.288553003771453476e+01
-2.283725592593893694e+01
-2.325195542683585614e+01
-2.288690259914659464e+01
-2.281007857226113700e+01
-2.201044509694774121e+01
-2.263722456216300216e+01
-2.197864839465367837e+01
-2.261900153366215704e+01
-2.294862314963708982e+01
-2.217240199417162927e+01
-2.275385450426868061e+01
-2.300073517898319864e+01
-2.256551808074983612e+01
-2.269357207768142004e+01
-2.288733774898169671e+01
-2.262371912760848502e+01
-2.281790687391852401e+01
-2.278104661716472989e+01
-2.299121807245531457e+01
-2.288985571858829715e+01
-2.320579817363488928e+01
-2.295471242249185906e+01
-2.281935118833911602e+01
-2.292676983175333305e+01
-2.337657851110757790e+01
-2.319554914806813883e+01
-2.192586153008382510e+01
-2.294290348362875420e+01
-2.293517173932518105e+01
-2.277002059506160947e+01
-2.254264688100326808e+01
-2.307945418945881499e+01
-2.300398648787214739e+01
-2.285651111999951723e+01
-2.164392113620370495e+01
-2.284149842452693946e+01
-2.243315005320627264e+01
-2.319510304578416537e+01
-2.265680292070666368e+01
-2.306248453441784463e+01
-2.304771714832391538e+01
-2.288394513809649311e+01
-2.304522211833774747e+01
-2.299671511810642244e+01
-2.310873814061952913e+01
-2.297621505140291021e+01
-2.258807422961914568e+01
-2.336018844274618189e+01
-2.280261685486646428e+01
-2.294314080999022565e+01
-2.269967465150810426e+01
-2.251234472635317019e+01
-2.244547419223970053e+01
-2.293641433350745729e+01
-2.208155596221449102e+01
-2.285694224042924461e+01
-2.299093239577417691e+01
-2.281464224532446394e+01
-2.263894364133351189e+01
-2.259347816366137707e+01
-2.286438090233849607e+01
-2.282650913247843505e+01
-2.286018022750000256e+01
-2.220212687417836861e+01
-2.308484046356169017e+01
-2.183929680669956497e+01
-2.299158496901594617e+01
-2.274581664756929200e+01
-2.255364840825441064e+01
-2.110253820856380003e+01
-2.300874829482558681e+01
-2.278777946498088625e+01
-2.293077193173375150e+01
-2.286646980483020641e+01
-2.232732860801756658e+01
-2.242357941798129772e+01
-2.268466689289295601e+01
-2.278475099208992205e+01
-2.290722280083373263e+01
-2.257903079316811557e+01
-2.271507735403719153e+01
-2.251604552625190081e+01
-2.272850453966919559e+01
-2.276689138005822599e+01
-2.265717926950538441e+01
-2.283251865216140430e+01
-2.279124070341404007e+01
-2.286171802973300871e+01
-2.278345472353648304e+01
-2.256974981572369643e+01
-2.242699894994296983e+01
-2.248315343160083657e+01
-2.261887806907406429e+01
-2.248532340785097006e+01
-2.229720476435655740e+01
-2.293693420821611539e+01
-2.254909588464892067e+01
-2.309048794450584552e+01
-2.270881702656761547e+01
-2.267162472498158365e+01
-2.240394311919106940e+01
-2.213500091777591194e+01
-2.269305884298562148e+01
-2.264431552366890088e+01
-2.264278889773091663e+01
-2.246942868292316575e+01
-2.274618663409191655e+01
-2.208479228786164938e+01
-2.254605550836784644e+01
-2.261294123861620164e+01
-2.058831322369142214e+01
-2.273547216578820596e+01
-2.233350631773868145e+01
-2.269342220188104520e+01
-2.240721723479580874e+01
-2.248077855448809004e+01
-2.291100057212895180e+01
-2.264702769073545596e+01
-2.265133230226047090e+01
-2.256089143731621860e+01
-2.272016677662714557e+01
-2.220630932168930727e+01
-2.262970673900784391e+01
-2.296653685211039786e+01
-2.254607885670057499e+01
-2.265725475234114228e+01
-2.187848416258283990e+01
-2.232268207035138374e+01
-2.262425828477341483e+01
-2.220426121267650643e+01
-2.274719327740642427e+01
-2.242147225474160521e+01
-2.276011843437648707e+01
-2.261939705046339100e+01
-2.266603911397860927e+01
-2.252368667848505268e+01
-2.252681512503706074e+01
-2.252277013731474398e+01
-2.238220133227119035e+01
-2.277112882345154077e+01
-2.270358406019028052e+01
-2.255784734536590719e+01
-2.247886300588794839e+01
-2.236332518598382535e+01
-2.227763575488386749e+01
-2.264417572327385386e+01
-2.238325522422543656e+01
-2.244579036144318351e+01
-2.229378051223312696e+01
-2.258475650778088806e+01
-2.175669559130447084e+01
-2.272811225349940401e+01
-2.226623855434145582e+01
-2.267757515199894058e+01
-2.230911498957983241e+01
-2.226152760455817159e+01
-2.243836576605542632e+01
-2.261793855067557857e+01
-2.243169485359513615e+01
-2.184615456816065659e+01
-2.239381510295715216e+01
-2.222683923982605236e+01
-2.246563521260359764e+01
-2.231335156040125867e+01
-2.232345776444955732e+01
-2.221879767822026608e+01
-2.228990290107084959e+01
-2.249838734860924205e+01
-2.235733747939266181e+01
-2.224638246283965159e+01
-2.229258918314104321e+01
-2.269173097241223758e+01
-2.245584412716130629e+01
-2.238281839186152666e+01
-2.285232542214356855e+01
-2.245602898857346830e+01
-2.211040557826519404e+01
-2.206468662419832683e+01
-2.246885506040860747e+01
-2.219686148184105434e+01
-2.221696554080034147e+01
-2.243448596910314308e+01
-2.199692475712985029e+01
-2.242217340637213852e+01
-2.240161615664864669e+01
-2.194060959703317337e+01
-2.204404455938375662e+01
-2.243696817821368938e+01
-2.251220982385955693e+01
-2.262138944711464461e+01
-2.242006249362896142e+01
-2.210942422750238734e+01
-2.235417845337087783e+01
-2.225568517485184117e+01
-2.206973514157250094e+01
-2.248104857946195878e+01
-2.184987937076040510e+01
-2.189275778216342516e+01
-2.209699230753024679e+01
-2.246202597649410393e+01
-2.225919049081685586e+01
-2.209911711726257622e+01
-2.216366750821190124e+01
-2.209128890421312263e+01
-2.240379549587688501e+01
-2.213458133087672763e+01
-2.229436581662947248e+01
-2.211821844142867377e+01
-2.203500344879528683e+01
-2.185548499209681950e+01
-2.232207924684469447e+01
-2.210293530161559517e+01
-2.234947115079338431e+01
-2.180814735724750619e+01
-2.206735137619422105e+01
-2.204374792995564647e+01
-2.222609473784444134e+01
-2.215270698736874166e+01
-2.199378278220974181e+01
-2.209550947931220932e+01
-2.238349932791560803e+01
-2.216404815141233087e+01
-2.217506150186577329e+01
-2.178711861324221744e+01
-2.219898226563923771e+01
-2.181686328122550833e+01
-2.175634212952874336e+01
-2.209569392453840919e+01
-2.225500634496549068e+01
-2.211522545952764318e+01
-2.188465248533367813e+01
-2.198655532615613239e+01
-2.186008302776880541e+01
-2.199388933427574955e+01
-2.203776451182537244e+01
-2.188384297284465418e+01
-2.211530963456849008e+01
-2.192429151509483987e+01
-2.181366384391385438e+01
-2.206260884117522991e+01
-2.166757134909326155e+01
-2.200074420928339336e+01
-2.167036612045424704e+01
-2.192889563059245361e+01
-2.183521363644175040e+01
-2.168542655341068226e+01
-2.172330611035526005e+01
-2.216018173045947037e+01
-2.168377401961354778e+01
-2.169411820587441042e+01
-2.143070302536225569e+01
-2.189953715453692951e+01
-2.187695611659311368e+01
-2.180976629883780760e+01
-2.168159571470611624e+01
-2.176829287011280201e+01
-2.173837218091361123e+01
-2.176792889581348334e+01
-2.181579583977736547e+01
-2.172009863839156907e+01
-2.130750454195703369e+01
-2.134412194139963503e+01
-2.112386076447355165e+01
