7.306030947311686674e+00
9.075852194097970838e+00
8.161076166413506527e+00
7.327924634414513250e+00
7.627078674820253035e+00
8.483508924984340283e+00
7.403947110053494818e+00
8.582601242495629279e+00
7.630324426762729928e+00
8.981093856595521174e+00
8.822540568745417033e+00
7.501925022738693549e+00
7.393854119497291322e+00
7.093646051890837079e+00
7.639696597290615898e+00
7.472515645133920970e+00
7.790601796789387024e+00
7.391306908509068130e+00
8.450479613082119812e+00
7.030797882343564176e+00
7.505700878515336072e+00
7.070261169364838949e+00
7.069453676041298706e+00
7.554989126355373230e+00
7.487611937035018705e+00
7.250512791600241869e+00
7.003556235438059829e+00
8.927060945492829802e+00
8.518080069840657131e+00
7.992033826424917109e+00
8.630395913417869380e+00
8.157676782126181081e+00
7.942470875545649456e+00
7.770861340725891964e+00
7.736135713608203623e+00
7.007735477817010228e+00
7.530040870769226125e+00
7.551133932607910104e+00
7.163810193181644692e+00
7.083976319943734445e+00
9.137728128512154768e+00
8.346440565053796945e+00
8.562530363706187586e+00
7.712375006229742702e+00
7.910936793927696442e+00
7.228589094168959228e+00
8.903624511554793841e+00
8.624639717175870857e+00
7.693977685917133158e+00
7.272755812749467808e+00
7.928281534288119659e+00
7.834142872317572781e+00
7.555581554071588712e+00
7.075702932217702745e+00
7.260220433044085375e+00
8.060493122329589255e+00
8.182029023354365549e+00
8.237661316702908465e+00
7.401448343796005247e+00
8.345322124791980656e+00
7.484044714476181248e+00
7.550647762655317230e+00
8.257760533695746474e+00
7.447818590724736509e+00
7.106378871263520303e+00
7.285679752936433218e+00
7.484620149499961350e+00
7.558955999836700634e+00
9.361173217840267569e+00
7.015793937054330520e+00
7.523772300056347895e+00
7.592563510957067940e+00
8.706619159230260863e+00
8.873988183107456962e+00
8.457889500500501256e+00
7.464599152785783787e+00
7.232409263829285173e+00
7.024883450518990990e+00
9.400916208191979706e+00
7.965643076768523123e+00
7.091925946455469365e+00
7.261702635286922280e+00
7.545324419709912966e+00
7.032976724153738424e+00
7.045124863839975937e+00
7.015096714578414883e+00
9.053274978334771461e+00
8.045701520706357357e+00
7.839613319925997637e+00
7.892666904829403585e+00
8.099207379045431310e+00
7.117771031198044440e+00
7.745557799098553353e+00
7.449856808535829877e+00
9.217744873481615642e+00
8.623531311987115089e+00
8.209032336924934725e+00
7.641957823409904371e+00
7.669891310891926217e+00
7.154555144711753911e+00
8.869677039646202132e+00
8.229876249568521374e+00
8.088269199058187198e+00
8.148224434912371805e+00
7.115976131555368234e+00
7.923517848540956088e+00
8.508881860718373602e+00
8.181025679899065040e+00
8.200213341371153319e+00
7.385139320356651105e+00
7.839427018732806118e+00
8.127051240701341328e+00
7.115770667955254147e+00
7.633295296628541671e+00
7.741276994626407060e+00
7.498321845625127047e+00
7.002420587950649811e+00
7.168618012252594873e+00
8.961809343073229073e+00
7.089794760204207513e+00
7.544782299881572563e+00
7.173944466497188088e+00
7.565167338842727851e+00
7.667703394241043746e+00
7.544518863587635238e+00
8.710929987427656229e+00
7.884178672619664319e+00
7.653018578819702711e+00
8.446289529805797613e+00
7.555046059148244453e+00
7.091729941940546844e+00
9.040599068636137048e+00
8.395414246220836318e+00
7.219193518292062350e+00
7.439031056984900303e+00
7.059676964711477432e+00
7.100562591751740094e+00
8.522905713272338701e+00
7.796027046609937727e+00
8.418268138225728947e+00
7.226059879065042324e+00
7.041741493040540867e+00
7.889860030928136148e+00
7.598823652929466377e+00
7.029299941757599868e+00
8.586892060678840366e+00
7.770809365964344906e+00
8.382977936001699604e+00
7.647829755648932526e+00
8.038583866423145707e+00
7.031203138829003052e+00
7.089673343242705705e+00
8.237733396704587818e+00
7.692167377019300645e+00
7.727111531976663450e+00
8.027733432903236377e+00
7.782514945194257905e+00
7.015669805539817006e+00
7.867757796694325734e+00
7.174761937410286450e+00
7.377080286379761986e+00
8.809428364575754955e+00
7.627677320129703453e+00
7.009309739352864277e+00
7.103030659994771234e+00
8.651016071651971728e+00
8.348543086962306958e+00
8.363626656227495459e+00
8.521545048576685488e+00
7.421141956896781799e+00
7.233224938680948846e+00
8.401572814768350383e+00
7.993582493457234150e+00
8.019340673797280772e+00
7.776367553371927421e+00
7.861506195510196804e+00
8.592491923391921915e+00
7.355755701084268239e+00
7.991416708033325378e+00
7.090339678615044328e+00
7.690789851877143590e+00
7.286607593896198054e+00
7.248824448027312961e+00
9.168938824720287428e+00
8.667635102165561989e+00
7.512906987562826266e+00
8.591383866721397311e+00
8.154688882064908384e+00
7.454983990508211811e+00
7.478060664773907185e+00
8.349905579780401155e+00
8.465248336594981993e+00
7.342829183875002386e+00
7.105038238247429305e+00
8.911306377946578650e+00
7.380878968493348680e+00
7.558219241378344222e+00
7.153502568202997125e+00
8.939160569419771107e+00
7.943773023452253668e+00
7.479411729978723500e+00
9.300666502289457682e+00
8.847607622792466486e+00
8.054556712243078564e+00
7.204145604549747617e+00
8.259832759210754105e+00
7.087209676236948752e+00
7.936401090701556527e+00
7.496891477293975647e+00
8.708720855811094452e+00
7.736483005704651639e+00
7.865945995600307938e+00
8.063269174113825599e+00
8.584729923136411145e+00
7.771732340422407681e+00
8.770056427095418883e+00
8.031182885302317942e+00
7.082289417112813013e+00
7.244990716377616380e+00
9.097605180259717983e+00
7.444453071204613970e+00
8.172610116880115072e+00
8.112476999951901746e+00
7.670591709570286021e+00
7.027354097622602325e+00
8.706704401466598853e+00
7.245745451584537200e+00
8.548088453406879950e+00
8.520426044883880223e+00
7.029228659799690249e+00
8.572475496038178377e+00
7.110891043791850663e+00
7.149909181282777304e+00
7.465786591665015237e+00
8.980092229588011676e+00
7.546954535510688622e+00
7.379598571869532719e+00
7.021779632664181037e+00
7.931443040559318369e+00
8.321917883531103399e+00
7.263032559900758578e+00
7.491634061839277159e+00
7.475626312233647042e+00
7.121734260990006504e+00
8.644995422359594173e+00
7.833499900118549242e+00
8.617023339579374053e+00
7.343015488315410622e+00
7.773602744205917681e+00
8.119700719367072494e+00
7.076470825584587843e+00
7.889109788534391043e+00
7.522714170685029345e+00
7.770429204144066127e+00
7.279373035503150291e+00
7.099249993706733264e+00
8.536874361463931749e+00
8.035746354587505635e+00
8.380564707094071863e+00
7.372297392451956810e+00
8.067280061262849244e+00
7.505607942630932783e+00
7.260251209263025807e+00
7.130600667736925580e+00
8.813172927050793248e+00
7.656270055378165296e+00
7.219164186391366478e+00
8.562861744266548669e+00
8.229086008489749915e+00
7.191898987385870079e+00
8.627575408757154563e+00
8.133377395176033531e+00
8.256034464998757372e+00
7.720812544215079676e+00
7.041580558462288586e+00
7.368492336152834277e+00
7.702573251064173121e+00
7.592747714038775797e+00
7.099256943473285730e+00
7.234460128030326231e+00
8.768491814322716849e+00
7.089106572293988329e+00
7.059663689737499581e+00
8.920230389204695243e+00
7.724456776070314667e+00
7.639933249685529226e+00
8.870210103176345839e+00
7.341593826274515955e+00
7.282280550697603161e+00
8.484944875649818030e+00
7.508576105890212737e+00
7.407138230955506941e+00
7.327844024336329198e+00
8.138125530824568798e+00
7.552356715834031675e+00
7.595928952433699699e+00
7.897128674851328078e+00
8.232118753684158463e+00
7.671620386276496006e+00
7.300552114546784210e+00
8.855147514155357058e+00
7.458033574588784020e+00
7.799319082145220072e+00
8.540330540207200727e+00
7.080128988114383404e+00
7.239212423053085210e+00
7.302263402051087482e+00
7.020113206082966073e+00
8.946297449813240377e+00
7.675009570255191704e+00
7.056918143048048542e+00
9.102927284077091841e+00
7.168446704207004139e+00
8.285756568529183852e+00
7.164440588229998852e+00
7.458610675494488085e+00
7.008470888519605424e+00
8.548969772182294591e+00
7.856537010191274817e+00
7.837135697387381583e+00
7.475314234030312477e+00
8.167134861754965058e+00
7.656030059042221225e+00
8.283190609967313378e+00
7.294949810434291138e+00
8.958088693193598573e+00
8.126964869025625759e+00
8.469060606852691464e+00
7.354860492614236023e+00
7.476805802666605771e+00
8.252985044225198408e+00
8.752020841496706893e+00
8.926280431824446637e+00
7.016807942916080343e+00
7.193745819146091236e+00
7.768408589271447617e+00
8.170084390415338405e+00
7.253155112366099999e+00
7.017479328535563887e+00
7.143567421128790507e+00
7.339829175073430356e+00
8.489064698543906218e+00
7.113901515472949910e+00
7.461538580749292215e+00
7.447139085306355710e+00
8.663416726325962713e+00
7.252420460926683354e+00
7.085522786661656802e+00
8.923212341042406237e+00
8.543831844975439793e+00
7.276174117853032364e+00
8.069987834689021255e+00
8.707038580576485387e+00
7.192337562373397830e+00
8.327937326368465065e+00
7.746469111069870905e+00
8.735387203924005917e+00
8.483393845067991990e+00
7.300468074553094766e+00
8.442537179420716242e+00
7.727797017360052756e+00
7.073524420556716485e+00
8.370300672499137562e+00
7.998485490341891158e+00
7.539933502422533351e+00
8.492251874453129901e+00
8.343924166239467866e+00
8.482942799199953754e+00
7.368426384639906956e+00
8.858654376727740143e+00
7.137762181493370051e+00
8.025499647666137548e+00
7.017034640951981039e+00
8.720485947002559968e+00
7.773627323732452687e+00
8.973942944512778297e+00
7.053572354020607449e+00
8.233262632984891027e+00
7.226917552579575243e+00
7.069462730507380499e+00
7.915371529235032177e+00
7.237680377117121644e+00
7.303628149997268615e+00
8.277336496032393853e+00
7.586683178080850354e+00
7.805606122371762545e+00
8.105780280269254234e+00
7.340389902506883502e+00
7.953037729649136800e+00
7.334574348290822776e+00
7.035176875575150923e+00
8.282080263082782778e+00
7.681798007174809761e+00
7.013275269748143081e+00
8.279243642653717927e+00
7.656186808257605669e+00
7.036231437064703442e+00
8.830065676199204461e+00
7.823657597389744645e+00
7.176986571835972661e+00
8.389889520407301404e+00
7.126657370675325787e+00
8.363647458158361303e+00
8.241120031298224902e+00
7.707614299390962209e+00
8.162330717601783192e+00
7.475082253647534536e+00
8.585956685123425913e+00
7.643724123198460951e+00
7.118198102681929207e+00
8.282053869803187141e+00
7.412904387393672856e+00
7.141044522109374348e+00
7.074296540758576946e+00
8.045237547941649581e+00
7.568003229562892287e+00
7.434334516619806266e+00
7.763568909774669180e+00
7.279847245133115763e+00
7.372469680644822887e+00
8.452034985148131341e+00
8.539639231732227387e+00
7.775162193942252387e+00
7.619946838125359001e+00
7.156856319995466009e+00
8.422243134948958598e+00
7.887398360715462964e+00
8.064263523079949536e+00
7.267833360631690276e+00
7.175946372594301792e+00
7.062188983881305226e+00
8.419375229070400479e+00
7.680773095544704887e+00
8.026208626191753126e+00
7.747687043346480174e+00
7.800962636267029460e+00
7.293146080297314704e+00
7.200089275789015808e+00
8.399124255601922329e+00
7.521571787527091324e+00
7.109116688846951249e+00
8.022078218510515057e+00
7.016997016423601075e+00
8.686694854798451715e+00
7.765949739486345926e+00
7.424318863256309520e+00
7.425175899551759606e+00
7.439178353816915390e+00
8.160038375469564897e+00
7.671219483640656200e+00
8.327435818846675275e+00
7.064652514104472480e+00
8.012476566973584013e+00
8.066419399155456915e+00
8.122829827330553698e+00
8.770176631274548384e+00
8.831671971328097115e+00
8.322328086894259513e+00
7.580328589286398078e+00
7.263650001228839415e+00
8.282341943245253191e+00
7.517093939672983893e+00
7.028658379228323483e+00
8.479874569124278949e+00
8.760206912035590321e+00
7.263245886649901450e+00
8.631084187735504898e+00
7.923986810801330272e+00
7.106770435441629452e+00
7.386979791493599734e+00
8.747164747114618777e+00
7.858447643856691478e+00
8.284417794431584880e+00
8.073331965304383573e+00
7.671763463166784369e+00
8.428324349979334329e+00
8.044923236870882732e+00
7.442990024308686614e+00
8.333124553801345868e+00
7.581393961828676531e+00
7.854991457536730337e+00
8.791560469120005550e+00
8.192484882605004515e+00
8.173171212617193149e+00
7.336883667273093934e+00
8.120046567862114983e+00
7.949415963208716462e+00
7.369232426503326217e+00
7.173369249035606465e+00
7.218855560173588870e+00
8.292855915410218159e+00
8.146225127325857684e+00
8.549358341660973082e+00
7.876311319320699944e+00
7.445037198019236691e+00
7.441033946302807678e+00
7.098165508496350640e+00
7.785088543955042795e+00
7.828843604700320924e+00
7.342512913805093078e+00
7.470592410148802820e+00
8.459042639334551694e+00
8.097246744936303031e+00
8.096513990893193125e+00
8.462183126810739253e+00
7.073466917412334354e+00
8.027174362273115094e+00
7.699514006509582842e+00
7.550379905916940970e+00
7.247736408467719826e+00
7.952648385556250865e+00
7.314473754565097074e+00
7.593491359325098777e+00
7.815970649526335023e+00
7.089077619983084944e+00
7.673225249762274380e+00
7.436565891756756308e+00
7.646998669642236734e+00
7.534715771489639558e+00
8.311458629189770519e+00
8.037068575376368429e+00
8.173289566357070157e+00
7.344520518973787659e+00
7.370346854531959480e+00
7.199851154421224919e+00
7.106106496706829923e+00
8.513399079105976597e+00
8.665368229338023198e+00
8.003539720466747553e+00
8.040258876934265331e+00
7.494430332160662012e+00
8.171077311932281262e+00
8.814713026788970396e+00
8.328945949263022897e+00
7.684148760774715647e+00
8.106651943706822294e+00
7.653838917237339778e+00
7.197188540587515782e+00
8.408506816660182182e+00
8.443428369202774064e+00
8.523736928679785052e+00
7.470734224080104013e+00
7.851410148637312680e+00
7.504092741291085389e+00
8.520603393731800423e+00
7.947669486895395430e+00
7.129731767189526614e+00
7.329164840754316401e+00
7.370935573741916436e+00
8.286718081410011649e+00
7.308126021652738835e+00
7.844333449129664793e+00
7.629625324989061319e+00
7.091313715684615993e+00
7.679626421961550875e+00
7.576728625662336292e+00
7.079824664551272129e+00
8.215278292940615401e+00
7.209853786037976775e+00
9.291144170626903787e+00
8.360184493398580940e+00
7.156448326559709194e+00
7.964477199238476857e+00
8.309126162551754291e+00
7.091199609856754016e+00
8.038571407472282715e+00
7.254701265584609260e+00
8.022342064483574120e+00
7.083523148319847529e+00
8.931731558227069101e+00
7.014815272294993242e+00
7.872105777195492315e+00
7.305723234124172016e+00
7.655981742290085101e+00
7.627183287125117062e+00
7.101480000067073028e+00
8.012896389573077371e+00
7.429798989129917430e+00
7.343957643961990023e+00
7.811636688074914403e+00
7.944861719386335785e+00
7.726003156932240046e+00
8.154965441368071666e+00
7.150146173901416269e+00
8.247989610977210617e+00
8.218597055511633442e+00
7.059118944510679228e+00
7.910553543210524730e+00
7.040087717655683974e+00
7.726933234888047508e+00
7.870946055526839125e+00
7.865422328375046845e+00
7.497255575887272094e+00
8.362418093217481641e+00
8.658924125839877917e+00
8.056711312606719133e+00
7.539317383200387468e+00
8.180938417190631640e+00
7.926736248741794277e+00
7.858963185807636975e+00
7.330187392050398820e+00
7.116186690057803688e+00
7.717286374689630080e+00
7.871497564329152929e+00
8.038176985876438252e+00
8.179460410661508973e+00
8.011469807073311244e+00
7.334940383423318444e+00
7.662906425378348985e+00
7.942484032501861080e+00
8.075074002023734820e+00
7.524987563149194258e+00
7.405540712107775647e+00
7.894333017422021648e+00
7.149383089496394561e+00
8.623363034395451265e+00
7.063107340867137651e+00
7.380978255027377699e+00
8.558073840921029074e+00
8.108519729242624763e+00
7.304782237872041506e+00
7.733028480149811479e+00
7.284206802493149446e+00
7.237815209296190488e+00
7.661252516308494798e+00
7.468386992630543730e+00
7.673668724590734236e+00
7.652312355917882059e+00
7.963308302350731616e+00
8.212751671417795052e+00
7.119047771213971032e+00
7.939885893479272205e+00
7.554240783280802951e+00
7.402524973873132019e+00
8.544121916103859959e+00
8.556733731738217941e+00
7.363647651235472047e+00
7.080059107153860332e+00
7.831723222383020655e+00
7.324299763981654721e+00
8.193110049232899428e+00
7.387989429497530125e+00
8.316468896449343617e+00
7.137452972965850684e+00
7.319470063003239879e+00
7.779499700465874135e+00
7.115514820215398828e+00
8.116355402383138795e+00
7.253255507878823671e+00
8.414601836397940460e+00
7.492093077622985930e+00
7.687469975550077272e+00
7.735783982423495075e+00
8.191301367484063789e+00
8.318279654988907978e+00
8.243403735049085412e+00
8.141319437566711059e+00
7.269582909367689361e+00
7.551602425922348871e+00
7.419024227074908495e+00
7.736810279772210031e+00
7.343254574092124010e+00
7.580953916121385028e+00
7.746224417638811310e+00
7.026325286769473877e+00
7.216753901957945416e+00
7.669929450183756714e+00
7.802184860745488670e+00
7.040938803287429160e+00
8.569502346415697858e+00
8.385121785293121022e+00
7.452411551569245951e+00
7.784465400792365486e+00
7.888522224838684593e+00
8.119436538198959497e+00
8.506670389341635996e+00
7.873430713525138458e+00
7.820370597634577869e+00
7.446173968498812634e+00
8.313916735373927835e+00
7.776531982517905561e+00
7.126626006071572483e+00
8.696671233664083900e+00
8.200221030643733755e+00
7.628857401529515414e+00
7.149080953107360692e+00
7.561011149086440675e+00
7.730042156826690380e+00
7.180315055693089477e+00
7.155026404465560042e+00
8.140396482232343800e+00
7.040443876849959537e+00
7.060892882114743863e+00
7.944610891820508947e+00
7.299323923503242106e+00
7.346776094401357149e+00
8.151131935990761690e+00
7.030519603059932621e+00
8.336239167321000565e+00
8.605940433889859520e+00
7.626210146411922963e+00
7.605375863401732772e+00
8.368456721535030951e+00
8.002781527111359594e+00
7.863328696034953325e+00
7.411906333643933031e+00
7.458789142463367661e+00
7.007801940675759234e+00
7.012835589513068513e+00
8.220707888679982034e+00
7.462989771075341672e+00
8.182890004371934367e+00
8.450913686127332625e+00
8.083233970647224709e+00
8.553836813964908359e+00
7.377018216898665770e+00
7.741564650336286491e+00
7.667978956721102968e+00
8.052177787975546508e+00
7.782638414769356139e+00
7.945669719695613864e+00
7.838653869944077535e+00
8.422567242390224251e+00
8.028631625746704970e+00
8.133810195550935873e+00
7.713418933427282909e+00
7.778295756320219745e+00
7.907333391591834015e+00
7.139164401914181113e+00
8.476960723577009915e+00
7.376707391365225241e+00
8.036520599433609746e+00
7.067922467817164822e+00
7.344919620382241554e+00
8.256777781230661972e+00
8.126707184703338527e+00
8.341048071512945583e+00
7.983037541101106527e+00
8.145374905596423076e+00
7.477227003470161115e+00
7.179086611194164469e+00
8.122915921890097479e+00
7.692241129367465291e+00
7.674881860262232181e+00
7.870686359686891009e+00
7.020478901252573678e+00
7.684468012390914815e+00
8.251856710309430909e+00
7.729686029608318520e+00
8.277171751165678160e+00
8.694476940968081990e+00
7.921431185245732642e+00
7.814529348627871741e+00
8.177507389499906409e+00
8.539488531396392190e+00
8.380670240979673835e+00
7.757157182723118716e+00
7.465323189638034762e+00
7.644709103936607519e+00
7.336188242800409931e+00
7.470054550246000957e+00
7.722133354234952840e+00
7.390830848467711434e+00
7.110312677147176075e+00
7.049461797811838792e+00
7.754621766167710817e+00
7.339191818344414031e+00
7.394750135581257489e+00
7.152582235361994556e+00
8.163893373359149663e+00
7.830509841374134972e+00
8.274402426813544764e+00
7.207363716461975045e+00
7.454706819798475159e+00
8.266094489025237024e+00
7.545531648684677073e+00
7.630728030946571927e+00
7.069778881268410586e+00
7.748728088740021391e+00
8.086378116232502578e+00
7.524930625364337544e+00
7.173454313823040884e+00
8.121975634041485037e+00
7.102703808782347750e+00
8.200840857061205469e+00
8.044900563283045258e+00
7.378072055034907706e+00
7.032691890061634865e+00
7.337816456193062997e+00
7.936446415332063076e+00
7.030597409615544358e+00
7.015082458100441620e+00
8.021032800489949821e+00
7.413725985134534291e+00
8.233853972566082646e+00
8.408322940215890995e+00
8.156512051094386706e+00
7.162257802881708102e+00
7.690853419028043980e+00
7.670256924199030379e+00
7.676513121224661340e+00
7.290723064664495823e+00
7.666506788497233771e+00
7.709744920966527637e+00
7.984526671187824221e+00
7.589218126202987413e+00
7.023424752736116439e+00
8.090673818299432440e+00
7.784444070607150934e+00
7.733523298188263340e+00
7.599514567026272260e+00
8.658055162059646648e+00
8.402083168283652981e+00
8.491056895296257068e+00
7.830364348181975132e+00
7.264188798351897347e+00
7.959516320582952886e+00
8.348965716640634582e+00
7.593773407162571765e+00
8.302673938645202867e+00
7.600166943396614805e+00
7.771633252264356528e+00
7.667768885840642312e+00
8.184454175107378049e+00
7.766477482036780344e+00
8.181661130301325358e+00
7.591299310948850021e+00
7.423684784228317568e+00
8.371495613388068691e+00
7.777094647040586395e+00
7.218904604721371854e+00
7.600488519295939938e+00
7.508366849773254970e+00
7.686595570506170816e+00
7.778079925300557917e+00
8.109911627858812366e+00
7.194413754451876919e+00
7.367793602061423641e+00
7.012822416697598982e+00
7.738497665117423097e+00
7.568372843983241616e+00
7.545482424567882873e+00
8.167710395833031711e+00
7.596309848831393374e+00
7.557184379105675198e+00
7.675729530009526513e+00
7.651691470179003751e+00
8.438505234718109094e+00
8.165981670948399440e+00
7.854343692374238906e+00
7.714934702877821238e+00
8.306741349531490570e+00
7.777044710535648164e+00
7.284435374752248116e+00
7.337974251847678708e+00
8.019298614881929410e+00
7.830484300398070197e+00
8.115407150425070881e+00
7.976907043498492555e+00
7.166944973863752288e+00
8.092553507796724332e+00
7.872728506454660824e+00
7.352955924021641998e+00
7.168349872565356939e+00
7.747663535557668624e+00
8.141998150317649063e+00
7.862626622968709178e+00
7.048391194337011889e+00
7.664118781479762887e+00
7.448585917656148858e+00
7.017866322727533301e+00
8.252385790043129887e+00
7.916982903962569651e+00
7.088941493376105463e+00
8.299858638263536648e+00
7.616746008919774269e+00
7.859759601104166826e+00
7.225609151404521313e+00
7.093786158755111870e+00
7.094803050884623374e+00
7.946692843260025896e+00
7.027560172703241292e+00
7.076056293134684871e+00
7.978793701355943568e+00
7.827612742077835861e+00
7.329567854322142750e+00
7.191480244042112169e+00
8.354952999028654403e+00
8.318409939716760348e+00
7.225943556171221083e+00
7.668539582684067213e+00
8.183567929707065147e+00
7.957825371614688059e+00
7.951642982614272270e+00
7.103819427975590628e+00
7.862714057936333489e+00
7.424667443833602221e+00
7.242401306451406562e+00
7.024500596942030661e+00
7.811680319541867590e+00
7.210498190246875438e+00
7.201446452828839995e+00
7.266631014106587294e+00
7.255674819100586426e+00
7.009633835830482163e+00
8.220609577387513411e+00
7.194241253567041028e+00
7.378691141017317712e+00
7.969460880088303334e+00
7.332110894169312054e+00
7.501050587686808768e+00
7.049731038581092513e+00
8.049866763482137699e+00
8.451383957430030236e+00
7.388884404571545161e+00
7.088185009744917053e+00
7.146948411372067156e+00
7.149262443644905929e+00
7.995496177881183719e+00
7.627188580161421427e+00
7.329157731651722685e+00
7.331501691719024549e+00
7.488081296603444237e+00
8.308931060440302829e+00
7.156786532941183054e+00
7.933178037811960515e+00
7.039656369034688943e+00
7.140621984368197062e+00
8.742136007735256342e+00
7.321042156218635633e+00
7.698762289797857150e+00
7.417324548575436438e+00
7.435627287206362901e+00
7.075211583937060844e+00
7.596091076397704533e+00
7.331103312495381275e+00
8.654715479732981720e+00
8.002145418599507565e+00
7.842135876957059715e+00
7.462878231110767757e+00
7.888915700057493652e+00
7.049852915645114848e+00
8.103715612104872790e+00
7.391193596171996560e+00
7.257261390963291703e+00
7.536824301156411998e+00
7.518762475707395865e+00
8.317016892646233117e+00
7.021518642174142677e+00
7.013701775997083665e+00
8.252707485952859301e+00
7.559765070682659349e+00
7.961687926243918412e+00
7.046672244915484384e+00
7.992378523740374163e+00
8.381440862979040674e+00
7.127408394843366857e+00
7.470953547456720578e+00
7.794187515235241115e+00
7.969971479204659204e+00
7.434426395096489948e+00
7.593127937846530173e+00
7.240224417384770739e+00
7.758048884445340576e+00
7.323564154963355222e+00
7.006598549146221266e+00
7.998802452836544674e+00
8.165322019525520503e+00
7.687517797932985175e+00
7.845068998648285330e+00
8.458174199851493213e+00
7.724405827819255776e+00
7.306112244207317197e+00
8.323372213357306038e+00
7.763996034201673169e+00
7.064259106885145023e+00
8.256048248327214623e+00
8.266173116152584655e+00
7.111643975395635309e+00
7.695150234500339081e+00
7.360030280787984935e+00
7.972163077906359696e+00
7.470315087663569109e+00
7.283574990489592338e+00
7.953656064580634677e+00
7.299083360581255953e+00
7.956534458426405720e+00
8.175565563663473867e+00
8.200892437706265525e+00
7.565529456712579481e+00
7.704562345145732571e+00
7.101749262538429086e+00
8.153347035420805966e+00
8.072049903767780421e+00
8.486541361411424234e+00
7.313516361264824184e+00
7.204537790884693926e+00
7.481011325229395936e+00
8.375443698024252370e+00
7.667867591186375620e+00
8.055880816450709858e+00
7.942327855299371464e+00
7.830799106494085393e+00
7.145117622534600699e+00
7.521526250702604166e+00
7.974851061984583822e+00
7.081825416538384488e+00
7.955709974657433570e+00
8.128556973721403622e+00
8.331769635154898879e+00
7.097713970957672203e+00
7.207649679020879496e+00
7.882648941525238762e+00
8.284194858095906611e+00
7.460939976340196900e+00
7.429203028338050352e+00
7.641071587028380740e+00
7.749898448321442146e+00
7.698716326687332412e+00
7.037233917449642107e+00
7.045107389580326007e+00
7.004871730114382800e+00
8.218148969250153257e+00
8.109054309162734953e+00
7.950546522731584353e+00
8.376222023439682474e+00
8.540035649256640937e+00
7.458744703310916435e+00
7.774591005441240377e+00
7.759704813282018776e+00
7.794482406616998205e+00
7.724804338006113547e+00
7.019611812591021405e+00
8.108914906599808958e+00
7.418218061746402192e+00
7.152694361706011250e+00
7.992616960472974874e+00
8.068101416654132052e+00
8.027882829091272043e+00
7.897044653815005866e+00
8.136880015148912904e+00
7.016692699539598621e+00
7.765007580081310756e+00
7.992275843688559256e+00
8.381479567191862046e+00
7.754792229267034820e+00
7.776703406533269636e+00
7.460989330795345431e+00
7.164527619367431654e+00
7.975359385057433137e+00
7.591971846570847227e+00
8.096430623946620386e+00
7.025953035747940945e+00
7.282522958146071090e+00
8.367262045321600894e+00
7.421682283583415973e+00
8.067415945961009527e+00
7.997461409760255435e+00
7.378791921750084803e+00
7.738385870073289041e+00
7.660276825114375576e+00
7.360895462078813622e+00
7.151779997831895663e+00
7.430677491805520951e+00
7.318881808025480495e+00
7.904213544304663053e+00
7.748476340312886457e+00
8.157470168765438956e+00
7.494137976434183557e+00
7.715231101752259235e+00
7.960869522949210797e+00
7.032670871008791735e+00
7.793228899007162092e+00
7.073386767848224288e+00
7.632466346921832567e+00
8.064482220857300376e+00
8.134557563591606311e+00
7.961702466447371229e+00
7.613182077992289187e+00
7.162509594226125209e+00
8.218113271416529031e+00
7.866772004763152637e+00
7.703361745082393242e+00
7.822139847521859757e+00
7.449398228495304863e+00
7.959485284346686562e+00
7.553897538908468157e+00
7.399036087491191793e+00
7.765986693293244869e+00
7.266712672266585571e+00
7.412761024890571093e+00
7.194772798626128285e+00
7.252013489984367567e+00
7.659113063886420214e+00
7.821546355746769486e+00
7.102499109047851533e+00
7.277002690388674644e+00
7.951378813160583370e+00
7.422417759632001122e+00
7.347521150570703874e+00
7.763964069660485912e+00
7.774633199430990516e+00
7.387955303308086030e+00
7.939604362613531308e+00
7.159458285600112326e+00
7.770868874406777316e+00
8.017970512409252848e+00
7.072344354362644303e+00
8.119112245534886085e+00
7.885013487768278040e+00
7.671313054160873612e+00
7.375709530274614956e+00
7.145469032800773057e+00
8.048152485074750118e+00
7.689460919756468726e+00
7.954445712725396689e+00
7.839559521597758263e+00
7.785972227884969676e+00
7.652776891032618600e+00
7.753011796481190210e+00
7.852865799437862115e+00
8.271019422120456710e+00
7.156637943178463246e+00
7.212280077766884290e+00
7.069041598992315656e+00
7.618882204427125160e+00
7.340567943561393527e+00
7.041550900826472059e+00
7.158701485645475593e+00
7.381308633018941912e+00
7.306952948546931559e+00
7.645622885623610365e+00
7.378332316733537510e+00
7.776426479435770922e+00
7.102356412857513845e+00
7.701251288416573360e+00
8.019606838639594670e+00
8.065443693208941056e+00
7.883518555932083061e+00
7.272528676533791980e+00
7.352953687591154086e+00
7.963087214538894898e+00
7.333128802287885328e+00
8.084480273368772174e+00
7.000175279726605027e+00
7.042659151066154699e+00
7.992962274843445236e+00
7.220260744262221309e+00
7.199012998185276402e+00
8.003799276245473493e+00
7.930820154405475719e+00
7.621274018318337617e+00
8.109220896446277749e+00
7.285348243039707405e+00
7.649289575742604264e+00
7.764480716291613405e+00
8.030939732549324361e+00
7.417778645381757130e+00
7.482998324810398394e+00
7.575764651281935436e+00
7.266373929470280935e+00
7.120525612412791361e+00
7.859982329932405420e+00
7.895500887137099078e+00
7.715151473330296383e+00
7.076850667333731693e+00
7.388050078115344199e+00
7.863124380541995251e+00
7.779079055619865457e+00
7.597361072458746811e+00
7.431099265233269691e+00
7.447868319758396360e+00
7.375740715897616262e+00
7.574801094630688070e+00
7.944927187508672439e+00
7.652878439532708299e+00
7.527555363626004414e+00
7.823715098608750473e+00
7.221600710903500975e+00
7.300004825125427033e+00
7.791927023183657042e+00
7.264470767083365033e+00
7.507787199676815071e+00
7.691070244215220342e+00
7.709967905098666918e+00
7.079085426867052000e+00
7.340321622168747950e+00
7.664235472458433840e+00
8.128469399422728614e+00
7.830447092971597911e+00
7.282669159191014430e+00
7.599965545507406439e+00
7.136892511344265166e+00
7.080850787004539626e+00
7.709571745449151692e+00
7.002663746569917969e+00
8.008444182375475506e+00
7.900667756285161047e+00
7.764770493965730935e+00
7.280810078718512379e+00
8.054442294789817325e+00
7.222588163621374235e+00
7.634149534192147257e+00
7.175146728845988697e+00
8.058762942845060451e+00
8.057867839032113011e+00
8.076515786608911895e+00
7.147106152579170590e+00
7.722161815060323065e+00
8.009123729921340029e+00
7.462595925820277643e+00
7.847192458026613693e+00
8.173450007158441721e+00
7.701328469023117407e+00
7.904268658258190250e+00
7.798503085227414644e+00
7.557740479918128251e+00
7.416305206447387555e+00
7.502984558549898431e+00
7.418001575662264813e+00
8.011594202297045442e+00
7.905300065684460975e+00
7.732212293428244010e+00
7.402604055619289802e+00
7.593285039112416257e+00
7.108818013464469843e+00
7.248318196431907445e+00
7.272386519534577154e+00
7.105491344546710053e+00
8.156131983694603349e+00
7.682711101402121656e+00
7.462414563879637974e+00
7.353038364469310473e+00
7.924882381157964062e+00
7.999248484354933630e+00
7.397864652218316017e+00
7.497713433325486676e+00
7.526031048021764036e+00
7.414861512949977751e+00
7.582496200375405060e+00
7.496865639924412683e+00
7.947775918911655246e+00
7.416770401355523568e+00
7.602324687677220361e+00
7.571313046218165255e+00
7.524661624382471992e+00
7.204634505944501832e+00
7.917281572313130233e+00
7.703212412043825452e+00
8.255748133608189931e+00
7.310738698968748395e+00
7.529214906579290378e+00
7.074668951993174026e+00
7.518609624569502436e+00
7.742720391550350634e+00
7.644611097708162717e+00
7.947895197892783870e+00
7.187099777748248819e+00
7.660324656063927762e+00
7.282177860701696481e+00
7.725599053621907686e+00
7.891155065101714605e+00
7.031838853474288165e+00
8.129040191396377679e+00
7.419054933195546653e+00
7.367132442755508492e+00
7.115798776479521415e+00
7.142383805856835188e+00
7.908826577709834993e+00
7.404204672460251935e+00
7.645909882216683329e+00
7.410838820496534751e+00
7.394920848066766972e+00
7.101608670574930393e+00
7.457598493247538762e+00
7.258621891089357625e+00
7.536537187170781138e+00
7.041581545029528932e+00
7.226029025382597837e+00
7.548421309185189720e+00
7.668139245646092839e+00
7.065219266900315986e+00
7.402386195843522643e+00
7.017257530062011028e+00
7.036173322086469284e+00
7.362844031988895033e+00
8.061616596578955907e+00
7.225292965641465059e+00
8.067949969838789315e+00
8.248049322872807565e+00
7.590402664946208411e+00
7.479211623715845469e+00
7.564168461409451538e+00
7.865431794044469349e+00
7.903014449732616242e+00
8.361435370522004362e+00
8.076913598507534431e+00
7.037731463165035173e+00
8.084816190602857944e+00
7.160240281760197334e+00
7.329071848268133849e+00
7.546998025241002495e+00
7.371112234340024827e+00
7.248938336576284058e+00
7.125932812180857390e+00
7.840086560168775698e+00
8.096831706364604031e+00
7.734183582319221983e+00
7.325867033202710488e+00
7.554163939235411185e+00
7.316842883965860800e+00
7.370037779963647395e+00
7.342888224272615005e+00
7.019544708462031934e+00
7.415352592695864331e+00
7.989868458038461796e+00
8.230190156386850475e+00
7.946832244492806119e+00
7.444755580677855811e+00
8.065877725132978071e+00
7.644139716970712151e+00
7.085655075496902100e+00
7.339923038168371328e+00
7.818832721065104074e+00
7.422945904685432694e+00
7.577420471573440786e+00
7.213635888511018557e+00
7.721471382580216591e+00
7.712751633166521792e+00
7.796228801749742310e+00
8.156904047593380724e+00
7.003827534732064208e+00
7.120235305767388390e+00
7.721020080645828010e+00
7.031168700080312028e+00
7.718960736919123988e+00
7.264234250078999366e+00
7.526923650756601525e+00
7.483196488986745720e+00
7.853542572506156283e+00
7.029944675578786217e+00
8.135993747267111331e+00
7.392864943178432569e+00
7.482327988710343547e+00
7.597563673209190682e+00
7.387662164642358142e+00
7.101677876969618275e+00
7.574451661176586192e+00
7.059922261389664833e+00
7.597781379498782961e+00
7.243308554961005008e+00
7.026439460721253916e+00
7.512222512634225247e+00
7.632476283027350483e+00
7.134131275806614880e+00
7.272910378718766999e+00
8.027992144697021715e+00
7.224683921526658281e+00
7.400634175757945243e+00
7.743973815660828208e+00
7.354154899026921655e+00
7.490062556338053845e+00
7.075783068978625856e+00
7.496011615406491302e+00
7.441437123139953869e+00
7.694202412640493982e+00
7.525605250421095072e+00
8.053424332757037618e+00
7.083416394382412662e+00
8.043905111897961646e+00
7.680724414775452757e+00
7.137090763241737967e+00
7.440263830088264640e+00
7.179595258349673159e+00
7.538606292021696298e+00
7.335840676404180805e+00
8.008065789924952327e+00
7.901274610410836452e+00
7.944781269503348398e+00
7.143456362646197988e+00
7.603905292269108607e+00
7.519667892007697141e+00
7.453177814489376551e+00
7.846740411080678435e+00
7.791379029676130941e+00
7.420492980000693350e+00
7.205792348105551248e+00
7.224631589690829969e+00
7.842339166810712747e+00
7.395018569787137785e+00
7.725875567670473565e+00
7.134767226795373674e+00
7.819388270515125861e+00
8.198323021403789213e+00
7.891878766039543081e+00
7.952637326914106630e+00
7.646725761715189584e+00
7.780164582585125999e+00
7.672757011135692196e+00
7.238354619923272892e+00
7.179810284040282653e+00
7.325498357040374664e+00
7.353555879520770056e+00
7.525695580585973765e+00
7.437639503461177526e+00
7.041455509890834463e+00
7.698899544539798079e+00
7.424293579185249570e+00
7.588823059426204942e+00
7.716139171587379053e+00
7.035901828267906666e+00
7.534338116841245991e+00
7.850369699615596275e+00
7.335042312897245509e+00
7.692142073903735167e+00
7.431350930673891853e+00
8.049584642702944492e+00
7.777924272398954564e+00
7.734284705921639080e+00
7.003714425918684761e+00
7.847655594428434078e+00
7.187514118574873656e+00
7.129293649967846314e+00
8.104178521373652799e+00
7.422719627314418034e+00
7.679146921719003593e+00
7.720666354696693823e+00
7.546354765687095956e+00
7.532707552137470230e+00
7.314363629583318982e+00
7.262836667876710450e+00
7.761449077425147891e+00
7.285132798394872822e+00
7.064875312482741698e+00
7.101178508860481742e+00
7.881625679958748520e+00
7.949399858573216626e+00
7.135737927289334870e+00
7.826773281190418707e+00
7.374246969459008483e+00
7.137173825559056439e+00
7.138997282450009862e+00
7.273326682622030859e+00
7.881487100832634596e+00
8.192358405589713399e+00
7.241888754679394857e+00
7.024363660316749858e+00
7.501307162881430735e+00
7.609047750161778367e+00
7.200218755721662589e+00
7.012475401175453094e+00
7.293315492574800274e+00
7.394669428663338095e+00
7.491880731857192721e+00
7.618992010508521595e+00
7.927799695639878408e+00
7.719567552188317805e+00
7.481171789260417704e+00
7.609303300580886109e+00
7.224047347086496096e+00
7.484567413332660735e+00
7.395432475427504038e+00
7.376672617847733093e+00
7.449040018775134442e+00
7.314245183839119591e+00
7.349593339604045816e+00
7.589012438988485876e+00
7.182445479717292969e+00
7.683602652229311936e+00
7.633840588238459901e+00
7.781279225467844896e+00
7.500110176533866024e+00
7.252933317208984043e+00
7.889074284150370708e+00
7.158298533799778873e+00
7.655976196394347788e+00
7.020654415714753682e+00
7.516885436438309753e+00
8.049529526189161288e+00
7.315656577904979585e+00
7.091460522094069852e+00
7.383022927717024508e+00
7.181027531594094349e+00
7.657149371724536913e+00
7.184669261275772101e+00
7.262350294421961117e+00
7.949459612257664176e+00
7.740812145882780548e+00
7.445890312726220372e+00
7.783417194255585869e+00
7.408434858741618001e+00
7.210779366240896771e+00
7.284350943984596150e+00
7.628483987307398628e+00
7.795197154525188132e+00
7.696454720768095115e+00
7.490050841562120532e+00
7.009853214839039559e+00
7.595880168803307519e+00
7.646523711099084686e+00
7.034115349751845159e+00
7.597649664713594042e+00
7.208042173599503499e+00
7.033942422502962089e+00
7.307024356144459887e+00
7.553018679819088810e+00
7.614580764903546850e+00
7.321213775966852744e+00
7.324225973265524381e+00
7.095580658886429859e+00
7.615572957483472294e+00
7.510841836855529863e+00
7.993615573895208826e+00
7.099853768706728019e+00
7.817107478902470596e+00
7.687390338728263828e+00
8.009058271708310528e+00
7.021527333190228148e+00
7.025631100184593691e+00
7.680805647667205527e+00
7.299793831748931261e+00
7.323285626549530747e+00
7.671058357499434877e+00
7.751994028045925411e+00
7.655548282941407656e+00
7.762414271083716066e+00
7.725640133280864852e+00
7.964763132935377854e+00
7.466684576480302482e+00
8.056746570700344279e+00
7.923764690977249003e+00
7.345457858799477435e+00
7.201168579812153858e+00
7.402374095455864556e+00
7.630694147823182227e+00
7.173163233729237476e+00
7.026194492596998131e+00
7.256316017618735792e+00
7.016150610452239533e+00
7.037957698887225000e+00
7.210756823795854586e+00
7.535831078209954903e+00
7.652705594614977791e+00
7.018588936721138261e+00
7.430081548988450635e+00
7.306023975122826641e+00
7.155610354420931962e+00
8.127672455836128407e+00
7.230674568940202107e+00
7.711796792177209703e+00
7.164634872204249660e+00
7.102355623414497998e+00
7.353525577369397936e+00
7.638263093735501386e+00
7.523823828836151861e+00
7.358793771387723837e+00
7.548585846340733596e+00
7.356554109656201490e+00
7.221184662986934732e+00
7.029590683568156528e+00
7.774444032722428233e+00
7.803618657666657299e+00
7.719897648939796575e+00
8.014104275877013350e+00
7.369827247460467134e+00
7.313507230740503573e+00
7.154579934866307944e+00
7.675439344694219734e+00
7.227752215404613878e+00
7.802401070706512343e+00
7.049171290032047565e+00
7.088264900101173716e+00
7.554158279009344668e+00
7.559393009353478021e+00
7.044507379464117314e+00
7.287017054436132568e+00
7.176507681172975772e+00
7.043155347986830961e+00
7.173348924962178685e+00
7.029151586460566037e+00
7.030439366445958349e+00
7.567281549185733702e+00
7.829905445599205649e+00
7.221744843187649643e+00
7.033544588938410058e+00
7.457878275157363568e+00
8.111708166451915503e+00
7.017577740750839510e+00
7.312419209374755091e+00
7.406612109124352195e+00
7.004639246202127190e+00
7.035634295296000040e+00
7.630756031295504727e+00
7.219000463168278259e+00
7.661656043648874537e+00
7.313691280739054612e+00
7.329327898271188246e+00
7.349697431083400012e+00
7.340673045332065882e+00
7.404323473250158827e+00
7.083221313720238221e+00
7.406679372449565868e+00
7.235456186679776636e+00
7.080342123285585210e+00
7.775734371409045664e+00
7.725985536923758445e+00
7.902440428285404828e+00
7.438484717602306340e+00
7.536776114811774896e+00
7.686770131802231454e+00
7.644601998498469442e+00
7.392689123284072572e+00
7.293590328531058375e+00
7.215114072552140989e+00
7.975465518477192539e+00
7.485519378854256445e+00
7.458363155911111875e+00
7.159461307392548157e+00
7.304591321403194115e+00
7.334914762507990460e+00
7.022884727294670171e+00
7.269085701721457404e+00
7.189266028522373730e+00
7.169604804363562067e+00
7.053414602432498626e+00
7.800165210193709342e+00
7.114487274516997140e+00
7.227116395601305143e+00
7.079874930159796520e+00
7.600623260621277133e+00
7.510488402195968582e+00
7.374191332499248297e+00
7.679688248071133927e+00
7.264607827810041663e+00
7.499745651549429404e+00
7.859585521856536694e+00
7.274544183359614280e+00
7.197521128802135237e+00
7.390673108692356053e+00
7.526461422975931015e+00
7.408140784472733387e+00
7.681248249632558256e+00
7.872262082740750344e+00
7.683316492003757325e+00
7.606497767263847187e+00
7.580825990070152010e+00
7.019518814171074261e+00
7.796240239980952502e+00
8.158070040790503796e+00
7.258572794811209761e+00
7.334902624590656117e+00
7.635902793851288450e+00
7.223695299481504684e+00
7.836325415530636107e+00
7.253433816500717946e+00
7.064374205802339546e+00
7.804870581556657250e+00
7.765711082925617958e+00
7.279922663662334870e+00
7.358613967390998489e+00
7.006468169125991352e+00
7.668541127782722455e+00
7.111155931165901833e+00
7.379583279484353220e+00
7.204469298107942343e+00
7.142509988614276217e+00
7.223152004009215865e+00
7.249294248841414046e+00
7.209491629016408609e+00
7.351615611427856578e+00
7.410977228639314518e+00
7.281777822696128943e+00
7.363045913781073537e+00
7.259207718574896440e+00
7.042454455836375971e+00
7.047234880180154093e+00
8.013338356382314842e+00
7.267870148007836484e+00
7.274002216775239837e+00
7.090718076979710460e+00
7.116396419596393130e+00
7.277138663472137559e+00
7.486792053198262131e+00
7.092260316389875641e+00
7.062964646021313797e+00
7.161086429688015897e+00
7.135326780872388142e+00
7.083640270808198913e+00
7.271846276805109532e+00
7.577871379052532497e+00
7.258706289125854916e+00
7.110750771721860986e+00
7.697715376657475517e+00
7.426527719036384312e+00
7.587807759642719141e+00
7.242564562633353020e+00
7.199565385737048295e+00
7.514428601038025235e+00
7.381686092845343161e+00
7.584170050144305897e+00
7.132553626754877030e+00
7.290295432142762877e+00
7.178655995854614780e+00
7.639402591348086524e+00
7.080831756464712967e+00
7.223910726499092938e+00
7.721585262881252021e+00
7.073867130186394903e+00
7.029444068808089696e+00
7.719372953938245630e+00
7.300218724737209008e+00
7.295476440306795318e+00
7.520982309730875670e+00
7.164556141268077383e+00
7.181362544950943061e+00
8.030640917169666437e+00
7.801880298151471216e+00
7.989993172816820532e+00
7.125531516572695345e+00
7.557993264350197471e+00
7.521509995321387976e+00
7.082680947716384345e+00
7.004661423201748782e+00
7.015916459929096405e+00
8.113221551576923929e+00
7.016518292899772469e+00
7.018589011006788780e+00
7.380088645779790291e+00
7.776759017851280653e+00
7.437205507170794760e+00
7.293582041892779699e+00
7.455869114373248507e+00
7.797244621256822938e+00
7.478963611872743833e+00
7.291232638413008615e+00
7.427773025886510894e+00
7.507205391500690439e+00
7.057492191211572674e+00
7.111701632278873753e+00
7.543691131689767460e+00
7.048988619429906954e+00
7.133778393884931290e+00
7.692106248533812085e+00
7.150352931149934754e+00
7.011246851543015524e+00
7.524600104811988821e+00
7.305513133649378155e+00
7.184678676660796626e+00
7.466384778834015634e+00
7.924553114114520902e+00
7.495650194216123552e+00
7.689136220398474109e+00
7.437997892083950902e+00
7.114383141861663873e+00
7.264658300863574780e+00
7.003694125450838470e+00
7.230530554821731570e+00
7.457730901102843646e+00
7.356398116116884545e+00
7.126846245682151526e+00
7.488489967298257888e+00
7.097897265556550650e+00
7.321652011084617939e+00
7.385045000172070218e+00
7.078068452453888604e+00
7.085214985059826276e+00
7.617696695151178865e+00
7.415843977486438199e+00
7.750782488154171368e+00
7.343290566189232038e+00
7.076867859276863904e+00
7.337723496979430493e+00
7.582458135415317102e+00
7.785167450116030174e+00
7.219135517994571316e+00
7.228075162120925157e+00
7.121354653342415908e+00
7.593773446822111417e+00
7.486415505187603792e+00
7.235898697345611197e+00
7.438165466456609032e+00
7.508888744541289739e+00
7.975444394785636604e+00
7.028058779279828805e+00
7.009778750740752962e+00
7.168153294037693968e+00
7.673801774715557578e+00
7.182509028765717396e+00
7.310872250359669700e+00
7.138480905575311120e+00
7.336197493937894443e+00
7.477812539104232492e+00
7.043677870833065846e+00
7.604041876901864505e+00
7.373222607190632161e+00
7.418434193835380164e+00
7.065802349433345952e+00
7.212897267157433845e+00
7.681549663720621091e+00
7.065656828663805733e+00
7.171464894318787309e+00
7.232370701797676382e+00
7.222571092581738128e+00
7.173668423459238497e+00
7.352420248480027176e+00
7.346004386885078397e+00
7.344809141766033278e+00
7.502638807193039661e+00
7.157084048209716443e+00
7.264336927971211111e+00
7.107227290626213723e+00
7.986949594057697333e+00
7.520739780859492463e+00
7.220382244124738946e+00
7.020005536182779338e+00
7.135974876838301562e+00
7.644655550425886403e+00
7.085321956483850769e+00
7.121751841733305000e+00
7.627273713003233979e+00
7.175327831305211568e+00
7.652944030935134201e+00
7.127993388990592649e+00
7.138012305683975711e+00
7.055069799494674498e+00
7.229435948353819974e+00
7.308929258340862489e+00
7.300840126873530345e+00
7.387911883861447926e+00
7.262174042553409592e+00
7.284047383605410708e+00
7.279655719312341233e+00
7.658750774442150799e+00
7.314142697403649862e+00
7.468354689498538868e+00
7.111030627911802071e+00
7.462374406052439291e+00
7.760129040371707809e+00
7.118316649050842493e+00
7.090905640994516368e+00
7.086049624495368349e+00
7.079678587946570900e+00
7.213603252338612215e+00
7.198526338553308257e+00
7.250884722550082984e+00
7.215250727817698717e+00
7.845103663873278954e+00
7.021093083628646703e+00
7.553366744473232863e+00
7.102316768886069553e+00
7.198031308623526137e+00
7.179215897952998304e+00
7.577828110466493072e+00
7.180284174304471634e+00
7.422499778387639857e+00
7.513389099899123735e+00
7.205088103562895085e+00
7.274327593138612436e+00
7.252470648888438731e+00
7.976363874770952656e+00
7.832810581301043129e+00
7.232492454414083838e+00
7.173598893487443284e+00
7.282841393677542463e+00
7.664459158057382204e+00
7.509692695406317675e+00
7.411177487294205335e+00
7.012897383151647901e+00
7.102371467675609118e+00
7.453650697053713969e+00
7.470680095100909135e+00
7.329103992419609526e+00
7.693207832170047666e+00
7.069544228186885881e+00
7.208126073390944022e+00
7.049117577020794556e+00
7.344266411505837588e+00
7.351284341112666709e+00
7.343739453046818966e+00
7.078792297810685419e+00
7.403209668229236762e+00
7.355966864014119366e+00
7.026789851957406796e+00
7.174602553016193873e+00
7.053682439535661430e+00
7.062590514100000938e+00
7.189122201649993826e+00
7.070533796015284089e+00
7.161711336241834758e+00
7.213415032936250526e+00
7.115257543279200014e+00
7.571164688860293701e+00
7.452408068563067367e+00
7.171243220171044541e+00
7.376605795863265591e+00
7.718377472362964120e+00
7.362189137611794720e+00
7.452993741677807371e+00
7.283972168261814595e+00
7.314571676396866451e+00
7.160826741255025496e+00
7.701593700251396335e+00
7.143006486276780365e+00
7.886511318931450631e+00
7.562378637018948524e+00
7.078493243528748202e+00
7.162491859340089917e+00
7.365346562645655126e+00
7.006075808331678090e+00
7.361426525180018388e+00
7.190716327718178036e+00
7.065033917651340367e+00
7.004369943651862940e+00
7.064642551298387474e+00
7.274541278634616859e+00
7.360454818471317218e+00
7.167209703287250377e+00
7.406357490353177475e+00
7.373419699511292613e+00
7.187759172456081203e+00
7.655089040841298598e+00
7.594970022348110028e+00
7.848158852429365950e+00
7.171125649001453439e+00
7.854629445875778160e+00
7.544774328481622661e+00
7.010790503809623431e+00
7.412053259198975397e+00
7.249002877130509503e+00
7.289236358278516015e+00
7.028057871421097502e+00
7.098974101284183824e+00
7.487191667533178219e+00
7.314130614708445499e+00
7.236655288229825622e+00
7.297189113408742323e+00
7.061482435755182863e+00
7.083159192400670712e+00
7.274242131037899739e+00
7.045607224168707106e+00
7.228036421313481341e+00
7.261603106675893038e+00
7.044303329702906069e+00
7.836040039537115476e+00
7.355098709456584061e+00
7.624236993829250686e+00
7.264543047160582745e+00
7.452717733438851688e+00
7.231889510647647512e+00
7.068813594807515699e+00
7.385622900973059402e+00
7.419781004192649299e+00
7.092737995206156221e+00
7.488977335597498453e+00
7.419191345495512735e+00
7.471237730150286360e+00
7.624005299261326307e+00
7.431797763554438774e+00
7.286235731561946594e+00
7.706756690947369925e+00
7.598892670367336066e+00
7.211980408612866711e+00
7.058017592613047952e+00
7.265304274387628602e+00
7.329251286756957917e+00
7.115513684397678951e+00
7.012503789771271201e+00
7.368078085992458170e+00
7.258736841975616194e+00
7.587585790268738251e+00
7.392716632780255814e+00
7.238172106441985498e+00
7.315536690489653715e+00
7.771171167644087774e+00
7.012745837652984982e+00
7.186770559379382917e+00
7.876342369581268876e+00
7.614334682652937225e+00
7.065527598649387286e+00
7.333128088876327944e+00
7.197171829434092061e+00
7.424703037408763251e+00
7.217067294387145893e+00
7.870275456094232069e+00
7.467046125456471728e+00
7.778716341283486102e+00
7.000418576580817565e+00
7.115908621119652722e+00
7.208875819882868186e+00
7.089739711556062751e+00
7.049972940834040358e+00
7.248774069402029063e+00
7.236346622303382325e+00
7.042152346409464414e+00
7.365613954663245089e+00
7.160084779718950188e+00
7.606085870541966720e+00
7.009179117765317990e+00
7.226120721994107043e+00
7.420762243163622429e+00
7.469134382711088982e+00
7.075245511737715098e+00
7.234468887028318029e+00
7.021518419797147637e+00
7.058174532352651021e+00
7.470012443529006951e+00
7.004256199688540185e+00
7.873071960351396115e+00
7.340879700551965037e+00
7.049033219155264263e+00
7.359652992345647959e+00
7.692197760953864538e+00
7.275054338853510494e+00
7.163357034588973882e+00
7.955517171221641703e+00
7.159697001310883380e+00
7.585588884577923352e+00
7.218443696546095190e+00
7.401089217256927810e+00
7.147630733558482774e+00
7.242650516476000000e+00
7.306892574173983412e+00
7.445571985733566045e+00
7.142877910442348544e+00
7.198250226430629617e+00
7.029366690024910547e+00
7.022679944557669529e+00
7.168553619570964486e+00
7.190072998978457974e+00
7.457304451758481889e+00
7.225405601925220189e+00
7.475514319616305414e+00
7.544156845768645425e+00
7.648234112729745959e+00
7.114211395977066310e+00
7.507125060858037990e+00
7.287407472184562529e+00
7.040285667409461823e+00
7.169285217621266248e+00
7.452636135558638131e+00
7.140468406203364538e+00
7.360966427088384556e+00
7.071018670991218613e+00
7.277032255115543968e+00
7.302442383877810528e+00
7.955694713058102607e+00
7.387268988622716748e+00
7.065767421310098051e+00
7.402629308013852771e+00
7.175354073240529651e+00
7.039159137616917583e+00
7.246331569997732203e+00
7.024074306095659637e+00
7.466721306101117506e+00
7.099399495187296516e+00
7.227267455686368969e+00
7.042908788009389909e+00
7.333332183516264813e+00
7.048189342669619606e+00
7.093912354294137579e+00
7.978332349464445805e+00
7.157155487032802021e+00
7.195722228213702110e+00
7.142694116098937229e+00
7.356817374842886892e+00
7.193444908564691431e+00
7.042651713133323277e+00
7.074069625477078738e+00
7.056498756303486886e+00
7.349855198312127413e+00
7.108025032900535223e+00
7.357566181943314909e+00
7.096427138605434060e+00
7.006824965985613218e+00
7.308197549043916830e+00
7.153594991151734916e+00
7.177813074141185190e+00
7.371484010035451284e+00
7.394879452189614177e+00
7.237468576081862892e+00
7.113933851601357716e+00
7.022306027846727083e+00
7.276464395624364201e+00
7.104366821967738943e+00
7.201716122548498689e+00
7.255470871642379471e+00
7.160027256281628283e+00
7.030434403790467357e+00
7.025103814163311533e+00
7.191132694924024626e+00
7.515884102706003489e+00
7.032168221244480044e+00
7.038806457321330257e+00
8.058660003878138411e+00
7.063694630568980948e+00
7.088378798398342617e+00
7.023415402241971250e+00
7.164506972911449445e+00
7.336278793321241665e+00
7.532235820915829549e+00
7.832852005837115605e+00
7.048259985523682936e+00
7.218285917504920768e+00
7.520389865955059427e+00
7.544966426467009768e+00
7.063627722262314279e+00
7.141190267635224131e+00
7.060645915272064421e+00
7.754827381345195114e+00
7.160070324083526394e+00
7.320980609863220856e+00
7.268871177259254246e+00
7.540349785523467574e+00
7.136908622599901442e+00
7.118354468718049333e+00
7.271070649257423746e+00
7.720598072379195820e+00
7.122004036264236504e+00
7.111745773585055552e+00
7.001716196102463208e+00
7.090989139201178126e+00
7.064184251779836998e+00
7.161645849022189481e+00
7.296471401411672275e+00
7.215867466900070859e+00
7.817087338272478370e+00
7.027106604541321744e+00
7.009773986286618630e+00
7.184810711912699155e+00
7.336817103031130216e+00
7.356426814493241650e+00
7.413447745584848647e+00
7.386608932376276471e+00
7.201715851442705763e+00
7.171939046876802948e+00
7.081974211369086447e+00
7.258299217457657271e+00
7.118851308968210390e+00
7.078978175423033647e+00
7.539014809532604389e+00
7.076842093721102067e+00
7.225237133298698211e+00
7.448171830516131742e+00
7.108211282061361658e+00
7.108083362176509823e+00
7.157437607465428897e+00
7.444524510745896606e+00
7.268890904155774102e+00
7.471310562839061475e+00
7.616753110120077608e+00
7.342701671193798241e+00
7.159827190464112867e+00
7.057227822221136648e+00
7.394806863347267445e+00
7.284279711418743197e+00
7.290630078979181583e+00
7.199101024968864060e+00
7.056894521034572598e+00
7.009603207736868846e+00
7.089280375465687456e+00
7.230950818293726989e+00
7.130078245593658437e+00
7.008111171013193363e+00
7.031765874466647581e+00
7.295045115793965529e+00
7.310127296976498101e+00
7.115724392225635242e+00
7.063494940579190029e+00
7.051436761492259286e+00
7.148245894316454851e+00
7.127974549622147826e+00
7.054478735266910938e+00
7.171022857404483197e+00
7.451915182998845921e+00
7.096376518770317610e+00
7.238613887991078855e+00
7.675585466807604895e+00
7.792942069695183882e+00
7.040973856635345918e+00
7.195097856970572359e+00
7.091485764959847060e+00
7.006993538214373096e+00
7.270734693062566478e+00
7.350978101564469291e+00
7.321494883691285871e+00
7.336260726440517743e+00
7.072251749999010073e+00
7.024834340049096681e+00
7.129526298290486785e+00
7.058457709445013606e+00
7.272203999649658357e+00
7.365444356415112637e+00
7.475247379853555252e+00
7.327787059533903857e+00
7.486174483559596915e+00
7.053076820051836116e+00
7.226916545222593413e+00
7.041785007962714005e+00
7.312383894462149314e+00
7.160885968801998125e+00
7.119342820788421733e+00
7.509889393723830686e+00
7.157465485927570370e+00
7.062432684766728919e+00
7.559424875493331086e+00
7.258832732017063805e+00
7.136152033344551171e+00
7.427996531343914022e+00
7.089821849490087757e+00
7.067024047444726342e+00
7.197987547329971036e+00
7.113852871112864129e+00
7.134302032385496872e+00
7.067440117531809562e+00
7.138810163946014420e+00
7.726923725124814624e+00
7.043108389332108032e+00
7.053917960144349131e+00
7.203535839019717280e+00
7.325156073122609968e+00
7.152961471467195409e+00
7.424514604594551592e+00
7.009404001977960874e+00
7.004923583808102094e+00
7.590663085583214453e+00
7.071759605503440405e+00
7.078636001345747886e+00
7.473484636030512718e+00
7.175786156743774846e+00
7.427656448713596760e+00
7.317206582207706589e+00
7.255956567066269791e+00
7.146941866488496942e+00
7.043307308633973918e+00
7.309330215022692201e+00
7.170948282891195014e+00
7.344539140432764235e+00
7.256641927485922849e+00
7.123894349651737734e+00
7.121645024506172206e+00
7.167147636130652089e+00
7.427440973489352061e+00
7.101937955387281676e+00
7.451310765275553472e+00
7.612170421047422586e+00
7.099601566232035310e+00
7.080400649711939387e+00
7.313797044739837716e+00
7.191696517094631425e+00
7.129956288575689527e+00
7.230890508881749668e+00
7.806388405103747985e+00
7.201466862264117808e+00
7.645772927267671548e+00
7.259072130745459539e+00
7.008547788131470391e+00
7.152656737788825048e+00
7.131863452043483598e+00
7.317526787613947370e+00
7.407400808444857709e+00
7.033999267940881595e+00
7.018515300765424847e+00
7.050530323356746010e+00
7.136572397141045521e+00
7.024663989684867715e+00
7.389761440405858473e+00
7.389832934934438491e+00
7.433761596603241095e+00
7.493107959013361352e+00
7.326860912118189795e+00
7.005050486875428639e+00
7.168013499635687680e+00
7.086649386910065296e+00
7.174511832724657090e+00
7.107330045954826758e+00
7.032608235963640375e+00
7.007863780406851539e+00
7.055959492945507172e+00
7.041308763362205347e+00
7.069587536249918536e+00
7.055930918054016843e+00
7.032196875759884946e+00
7.313172471104401495e+00
7.024794768972864922e+00
7.147172757700552381e+00
7.233682581817835633e+00
7.300128931556943535e+00
7.154790951989873804e+00
7.498517449066957496e+00
7.172104519788214283e+00
7.040236671414696445e+00
7.175653899120419510e+00
7.047507124937292922e+00
7.065199479676536498e+00
7.098903228545506039e+00
7.079646475547664686e+00
7.077043270465058100e+00
7.219792081394383665e+00
7.023401464187473131e+00
7.247873889341999387e+00
7.075712354492313949e+00
7.225414217583961296e+00
7.328173267009461256e+00
7.094352261003659343e+00
7.094194296253438559e+00
7.029983401184443537e+00
7.180579009331614415e+00
7.241278531400278773e+00
7.437964577743880312e+00
7.300797570787275426e+00
7.041606017306304643e+00
7.173803514218645816e+00
7.008911071898556777e+00
7.566140204211950326e+00
7.167852864687154657e+00
7.014398359407728378e+00
7.088047130055113776e+00
7.072618611061632699e+00
7.110507239098840415e+00
7.192686049930941294e+00
7.244201506742389718e+00
7.119705128472344491e+00
7.035397489093831780e+00
7.619670822323151960e+00
7.074407427404331372e+00
7.030395673878997442e+00
7.107943114004374507e+00
7.349941544062573051e+00
7.027669421306734776e+00
7.000089891812193876e+00
7.049873420335590168e+00
7.013822949462043432e+00
7.164712323783991366e+00
7.119605501931680180e+00
7.209390702318238198e+00
7.064472460010776445e+00
7.218372782619412398e+00
7.034420242913694388e+00
7.031011657285638705e+00
7.020528688568650644e+00
7.027392227234352973e+00
7.164534642494934324e+00
7.095139393911740200e+00
7.545037105287638823e+00
7.102746989337714645e+00
7.069644632135163143e+00
7.156922381598362470e+00
7.082354186292957543e+00
7.036693845292579574e+00
7.056864248042778343e+00
7.030249283096682511e+00
7.010652904048813028e+00
7.126984518200884189e+00
7.124033905052691296e+00
7.255780630003707543e+00
7.191978700165146066e+00
7.005304004780514404e+00
7.218640800049696438e+00
7.121496686375347274e+00
7.058948559986371052e+00
7.058134073888566284e+00
7.032935407922958682e+00
7.115991946234156984e+00
7.197456619404443146e+00
7.014424590680458316e+00
7.092385678714066444e+00
7.084863355303601118e+00
7.064707737263355547e+00
7.050885270413226102e+00
7.070498472307015447e+00
7.153869289270678777e+00
7.034020229258889145e+00
7.532629513655948905e+00
7.336231441979768064e+00
7.206223034594620991e+00
7.668656734981042611e+00
7.436799404175092221e+00
7.388737231000171768e+00
7.543224788405814785e+00
7.205154976250264021e+00
7.170849552484481748e+00
7.216984945406367480e+00
7.025880494070463556e+00
7.102217333896958529e+00
7.017658921027118524e+00
7.050915971106311630e+00
7.015169963717749368e+00
7.113429196605958182e+00
7.055161823660957232e+00
7.052789534084054957e+00
7.171621084439773419e+00
7.141607731215031230e+00
7.405126548792455132e+00
7.086424184737696308e+00
7.036603346782503543e+00
7.045271302973157290e+00
7.374060203115203826e+00
7.018625944585128451e+00
7.092836560233300780e+00
7.327006893443143376e+00
7.092863250413508069e+00
7.002035781410323345e+00
7.046980337586802534e+00
7.308186205273888625e+00
7.231475369805785647e+00
7.223777724505039188e+00
7.248443285010065296e+00
7.001424783110755001e+00
7.014295320902382613e+00
7.215754369753064168e+00
7.315824928083844547e+00
7.091767391889820082e+00
7.215507572692678728e+00
7.241769997289643435e+00
7.338315221300048208e+00
7.366429219867403511e+00
7.022241602269067684e+00
7.294486068300440884e+00
7.137871072271350315e+00
7.078107784869334118e+00
7.132072372869163956e+00
7.569055207138711161e+00
7.408422186470360771e+00
7.135516315052211844e+00
7.297855892891579543e+00
7.312592111277891327e+00
7.260690659842868655e+00
7.199965051878950639e+00
7.046884155224880431e+00
7.378188047861164556e+00
7.070769317253049913e+00
7.201033337030403381e+00
7.048176672122630215e+00
7.170777346312403822e+00
7.041668925800258272e+00
7.237816310627624539e+00
7.115558787214485648e+00
7.042380923174508922e+00
7.034059878894332485e+00
7.119092805087409381e+00
7.025604345782832105e+00
7.144811489185342701e+00
7.083009749507915842e+00
7.035720467480874873e+00
7.093895919605554212e+00
7.193372408310437116e+00
7.040111221801353736e+00
7.122862860436879551e+00
7.183276098039030444e+00
7.015794278809776685e+00
7.042678352997344682e+00
7.070297641898584118e+00
7.088798777980742649e+00
7.205005861372071330e+00
7.070098761042770796e+00
7.403162977339596829e+00
7.001921876907323039e+00
7.082529887320903939e+00
7.228069606619365040e+00
7.032981493292156827e+00
7.140374011368597174e+00
7.330688238414210467e+00
7.022457294129438310e+00
7.203108654254203991e+00
7.041571901358876673e+00
7.094088098888789773e+00
7.013170538997067105e+00
7.005745585529370878e+00
7.098188253856866581e+00
7.056859636321070717e+00
7.060183160467350838e+00
