# 0-Peng1-Decarli , BH mass, LogL/Ledd , redshift
#BH mass in Peng is in unit of 10**9 Mstar, Eddingto ratio in Peng is Lbol/Ledd
0 0.16 0.21 0.955
0 0.18 0.33 0.844
0 0.49 0.05 0.943
0 1.58 0.09 0.942
0 1.06 0.10 1.976
0 0.61 0.08 1.868
0 1.58 0.02 1.756
0 1.06 0.06 1.964
0 0.25 0.34 1.716
0 0.615 0.67 1.992
0 0.71 0.12 2.735
0 0.63 0.19 2.71
0 1.34 0.06 1.829
0 0.21 0.05 1.735
0 0.22 0.05 1.876
0 0.25 0.40 1.29
#
1 9.71 -1.16 1.465
1 9.16 -0.13 1.78
1 9.13 -1.62 1.756
1 8.77 -1.14 0.955
1 8.73 -2.04 0.171
1 8.12 -0.37 1.716
1 9.37 -0.30 1.597
1 8.85 -1.17 0.393
1 9.13 -1.45 0.363
1 10.18 -1.20 2.555
1 9.74 -1.84 1.32
1 9.00 -1.25 0.425
1 9.55 -1.72 0.425
1 9.24 -0.82 0.367
1 8.93 -1.96 0.26
1 9.32 -0.86 1.65
1 9.16 -0.99 1.298
1 9.29 -0.49 0.669
1 9.18 -1.91 0.109
1 8.94 -1.17 0.176
1 8.97 -0.30 0.755
1 9.53 -1.74 1.829
1 9.13 -0.84 0.515
1 9.01 -0.78 1.841
1 9.43 -0.89 1.52
1 10.07 -1.14 0.614
1 9.50 -0.48 1.417
1 9.04 -0.78 0.571
1 10.07 -0.67 0.574
1 10.36 -1.57 0.773
1 9.24 -0.50 0.915
1 9.25 -1.14 0.607
1 9.42 -0.56 0.37
1 9.53 -0.54 0.37
1 9.99 -1.20 0.768
1 8.81 -0.44 1.431
1 9.35 -1.25 0.61
1 8.66 -1.27 0.684
1 9.22 -0.97 0.513
1 8.69 -0.38 0.513
1 8.92 -1.48 0.411
1 9.58 -0.68 0.654
1 8.40 -0.94 0.131
1 9.19 -0.69 0.234
1 8.33 -0.28 0.33
1 9.00 -0.66 0.33
1 9.45 -1.26 0.24
1 8.41 -1.19 1.343
1 9.24 -1.13 1.346
1 9.37 -0.67 1.28
1 9.20 -1.68 0.423
1 9.94 -1.21 0.315
1 8.90 -0.41 0.177
1 8.91 -1.13 0.334
1 8.65 -1.09 0.334
1 8.09 -1.12 0.165
1 8.86 -1.35 0.165
1 9.26 -1.19 0.388
1 8.84 -0.50 0.331
1 8.36 -1.12 0.071
1 8.45 -0.97 0.071
1 9.40 -1.59 0.415
1 9.16 -0.59 0.158
1 8.99 -0.78 0.415
1 9.24 -1.07 0.415
1 9.65 -1.30 2.03
1 9.41 -0.72 0.286
1 9.00 -0.78 0.155
1 8.63 -1.08 0.155
1 8.73 -0.95 0.184
1 8.72 -1.21 0.184
1 9.57 -1.25 2.71
1 8.25 -0.86 0.32
1 8.50 -1.42 0.129
1 9.66 -1.64 0.366
1 9.64 -1.56 0.366
1 9.43 -1.28 2.476
1 9.55 -1.30 2.244
1 7.96 -0.98 0.267
1 9.38 -1.16 0.267
1 9.36 -0.82 1.513
1 9.20 -0.90 0.371
1 9.65 -1.68 0.371
1 9.52 -0.91 1.687
1 8.06 -0.31 0.25
1 8.76 -1.29 0.266
1 9.02 -1.14 0.266
1 8.88 -0.98 0.621
1 8.83 -1.50 0.146
1 8.98 -0.96 0.594
1 9.37 -0.91 0.594
1 9.49 -1.06 0.372
1 9.41 -1.85 0.372
1 9.88 -0.86 0.297
1 9.46 -0.68 0.297
1 8.34 0.01 0.942
1 8.49 -0.76 0.878
1 9.57 -1.41 2.503
1 9.59 -0.85 0.501
1 8.98 -1.41 0.2
1 9.19 -1.18 0.211
1 8.96 -1.20 0.211
1 9.45 -1.07 2.593
1 9.57 -0.87 0.295
1 9.01 -0.55 0.295
1 8.76 -0.94 1.923
1 9.05 -0.91 2.391
1 9.50 -1.44 2.177
1 9.60 -1.03 2.41
1 8.90 -1.30 0.932
1 8.94 0.58 1.562
1 9.39 -1.23 2.652
1 8.48 -0.93 0.235
1 9.87 -1.47 2.225
1 8.56 -0.54 2.628
1 8.81 -0.74 2.737
1 8.70 -0.63 2.669
1 8.91 -0.73 0.576
1 8.98 -0.55 1.5