2.135235725060459089e+01
2.166265984519603904e+01
2.158001969476330117e+01
2.186457208338367053e+01
2.182823191035887334e+01
2.139274775482201818e+01
2.180314506734014657e+01
1.887505972611713645e+01
2.185488632038494217e+01
2.134618149143710042e+01
2.160912027478560304e+01
2.144217516074771623e+01
2.080639666012474009e+01
2.043626473621689144e+01
2.165526385223828498e+01
2.059207228966192105e+01
1.915890782156342453e+01
2.106283363599556679e+01
2.164101024458212663e+01
2.189733050922095714e+01
2.043918741121782290e+01
1.956130192272029689e+01
2.112671197627901876e+01
2.098508430730066010e+01
2.013936579173144281e+01
2.196997054218888223e+01
2.061174450947878967e+01
2.179173744181445471e+01
2.105288270478416024e+01
2.068652002462636830e+01
2.156805161248869496e+01
2.103800208301412766e+01
2.123662148892127988e+01
2.093576527208295346e+01
2.186670567965912682e+01
2.111562615531816078e+01
2.055183757451354865e+01
1.927276328412816753e+01
2.054558056916507525e+01
2.065075744637081101e+01
2.023202556121635354e+01
2.165012954748878116e+01
2.149661906522933208e+01
2.091128514208396183e+01
2.064188697251072568e+01
2.172246571345839783e+01
2.147886802375095527e+01
2.001620435309919088e+01
2.148040565654071798e+01
2.162631918534065534e+01
2.058268956424435459e+01
2.199084291135289249e+01
1.937234023272545613e+01
2.057129687789775829e+01
2.117817108580612029e+01
2.128174447170363948e+01
2.016156558933794685e+01
2.146280936619157131e+01
2.197116375552885614e+01
2.023541149419265395e+01
2.165152822713481129e+01
2.097502608855725015e+01
2.194816794995200127e+01
2.068078089006591114e+01
2.066898910456219340e+01
2.177652053676113297e+01
2.138993045062147047e+01
2.130828583830533063e+01
2.195017524083846894e+01
2.128114406664193581e+01
2.051732407864724195e+01
2.179716551614838949e+01
2.054376760264339197e+01
2.094516312627340682e+01
2.123115440545459620e+01
2.089204732176811063e+01
2.133521900685109784e+01
2.179156279366032578e+01
2.170735110094209830e+01
2.128684684426385587e+01
1.909576478060018445e+01
1.919619162826051451e+01
2.095672182069487377e+01
2.101900011123353096e+01
1.982346480096627062e+01
2.033534497065105739e+01
2.122730191295213586e+01
1.916751478799928776e+01
2.155577576047019051e+01
2.000368215494459179e+01
2.190076133448059892e+01
2.153263987501687637e+01
2.193409101480607859e+01
2.160896398003652763e+01
2.129154220673432718e+01
2.106520939282199123e+01
2.154530622200596923e+01
2.178517664899778339e+01
2.115998746093010396e+01
2.135514732882005973e+01
2.059813320934902237e+01
2.194336081335037392e+01
2.078033603611233815e+01
1.937370774601819079e+01
2.192872190002940869e+01
2.053594782526689499e+01
2.112128788735804363e+01
2.109015342544014260e+01
2.187324802508504007e+01
2.084729114201169153e+01
2.149510522227617315e+01
2.146297633480956080e+01
2.195488733210438426e+01
2.070495964523180277e+01
2.083866601778692740e+01
2.084977149100630101e+01
1.958014572115056495e+01
2.166579799151755736e+01
2.091378581248209656e+01
2.078547233166747077e+01
2.140622079405033418e+01
2.059994850427455759e+01
2.088230462509556418e+01
2.034475493264999812e+01
2.189889430142199700e+01
2.154877117254661556e+01
2.033686392675617327e+01
2.163747477561143029e+01
2.088827206699360062e+01
2.174881845418436654e+01
2.143793177755983237e+01
2.188801721565338454e+01
2.071032544764012329e+01
2.139777163786559555e+01
2.160595535382713450e+01
2.174589415286815353e+01
2.028687903440414431e+01
2.146339386872624999e+01
2.201090420833185846e+01
2.112057336308880195e+01
1.945896657849151978e+01
2.047688710374793430e+01
2.139881569757863389e+01
2.112911745560948162e+01
2.050711446786039716e+01
2.173228899391586566e+01
2.111782765494019287e+01
2.185922903094461134e+01
2.192270089770746466e+01
2.097843082381857727e+01
2.095617438626378970e+01
2.023065852554378097e+01
2.135411351178638739e+01
2.061143440085205469e+01
2.195074603631099563e+01
2.081515684932100640e+01
2.169174101765299412e+01
2.047218394516222162e+01
2.071918432601339788e+01
2.113183035517067054e+01
2.171481988900031723e+01
2.051381625269984710e+01
1.913644130954381950e+01
2.119059976860861383e+01
1.954030309058772019e+01
2.163986174051802180e+01
2.133785372448794959e+01
2.111661600193078669e+01
2.152391432908492419e+01
2.107815944280830678e+01
2.115291365797205714e+01
2.067126731733947764e+01
2.061908122717021996e+01
2.165083768585980550e+01
2.036097789667790181e+01
2.141977924047663606e+01
2.177623689867315449e+01
2.163399076298974677e+01
1.910108728045491233e+01
2.095651947581448127e+01
2.087810233401305737e+01
2.071910589877229114e+01
2.175863503052051584e+01
2.182512840273148669e+01
2.196849446920550264e+01
2.119268068062820731e+01
2.065011104654733032e+01
2.164999428696727790e+01
2.156503318912371725e+01
2.156341679702465086e+01
2.004832164338788658e+01
2.197711910345740449e+01
2.187685346690384591e+01
2.135988247456520384e+01
2.099048867253998907e+01
2.148679139155910178e+01
2.161195484704767722e+01
2.168370305459234970e+01
2.193283252940862127e+01
2.083660085779379045e+01
2.136809988836295560e+01
2.180134515023255659e+01
2.088688037367801797e+01
2.018689444374765429e+01
2.174076486663563657e+01
2.137494073787572546e+01
2.116713077229015738e+01
2.107158439150204998e+01
2.089420730789895941e+01
2.064218273770512013e+01
2.084869116389472055e+01
2.006378620569424953e+01
2.055734775273044335e+01
2.152539655207421987e+01
2.084378609170655494e+01
2.071623095880271848e+01
2.161500199427086244e+01
2.144787140212714149e+01
2.183697458094044208e+01
2.035104932528903277e+01
2.180191022069129048e+01
2.138151157466997887e+01
2.190755851400323451e+01
2.192388966538515405e+01
2.158043824907188224e+01
2.138371777611587987e+01
2.089374216620176838e+01
2.040904006326763209e+01
2.115787079178148389e+01
2.178454877105648535e+01
2.064336838874147162e+01
2.111235148667348227e+01
2.134124773257145335e+01
2.191898064787491052e+01
2.199475625822842773e+01
2.112721604437597733e+01
2.132975717489026835e+01
2.099444504877613582e+01
2.200813553666093725e+01
2.101126464032983421e+01
2.144807352142465362e+01
2.111283793440579615e+01
2.135852008090358112e+01
2.101942629511392369e+01
1.988380163498812436e+01
2.034375949229019653e+01
2.136193100471898987e+01
2.050057109480419371e+01
2.018737608198649269e+01
2.159989841902780228e+01
2.148692717186819579e+01
2.133124526495262074e+01
2.160044530589892275e+01
2.118416947380574555e+01
2.119767455701522607e+01
2.153207351088149579e+01
2.130014140150732516e+01
2.055798242832094758e+01
2.162377252446051301e+01
2.116495111460893241e+01
2.135226128695087056e+01
1.956501553629974666e+01
2.160342572373112802e+01
2.174719506145397219e+01
2.120085065830283355e+01
2.134036264221989398e+01
2.121286783854382207e+01
2.158203361649801622e+01
2.178843416432884084e+01
2.096224729273445320e+01
2.102565654434288689e+01
1.983381697655143938e+01
2.075301778708968214e+01
2.152796812430961637e+01
2.134795509130649549e+01
2.132824765624658170e+01
2.114107026478931317e+01
2.163100511131700188e+01
2.149780579712656703e+01
2.194177888164320933e+01
2.137379701628497486e+01
2.050004882431993991e+01
2.171833834847809186e+01
2.095558679650100231e+01
2.120134263851573309e+01
2.179237977222785361e+01
2.151563274345348731e+01
2.100155988829197184e+01
2.094238479262224217e+01
2.201160219847377419e+01
2.133148731437335499e+01
2.117873759700280090e+01
2.176300381444269050e+01
2.038097153812932305e+01
2.128445524026661673e+01
2.197357234439197526e+01
2.086698970982937595e+01
2.060697621472213115e+01
2.124272952136062287e+01
2.147313366740609553e+01
2.117718477703757429e+01
2.089425675496521961e+01
2.113287709346128196e+01
2.132146068637859315e+01
2.174980650665640525e+01
2.083719141674264819e+01
2.121926469459798881e+01
2.196343421492624515e+01
2.099616939732364784e+01
2.173712424462390658e+01
2.166513489063164144e+01
2.082834966202504035e+01
2.195997979206506301e+01
2.187655348145839440e+01
2.089258803767534545e+01
2.083039917228102667e+01
2.071399358800341162e+01
2.102275830730584261e+01
2.040296307338601167e+01
2.189712670227617508e+01
2.137391937540885323e+01
2.169110402716477637e+01
2.124260250042801346e+01
2.187620360316400792e+01
2.151423539168229837e+01
2.149697925595464909e+01
2.176177878192526549e+01
2.000906949948522850e+01
2.035376613533885148e+01
2.102684695980172336e+01
2.184383003005178381e+01
2.130410434689952837e+01
2.193585534861654907e+01
2.113629581039548810e+01
2.136109108898337894e+01
2.197972418585826659e+01
2.189774956590128596e+01
2.133465236507846186e+01
2.177812245622430254e+01
2.153287864556209996e+01
2.023329649452509926e+01
2.171707154013136432e+01
2.116786504588051088e+01
2.201578064516071009e+01
2.176333405966618528e+01
2.046848158634896464e+01
2.161538185207721341e+01
2.177359149290609963e+01
2.193545651081068826e+01
2.109219054050847575e+01
2.026144438355552069e+01
2.146930207167954308e+01
2.171217179723645785e+01
2.073210236108231896e+01
2.085550157652983927e+01
2.129941648234591156e+01
2.139917348318945045e+01
2.086466440286405799e+01
2.154335513952594994e+01
2.051339202259672589e+01
2.116726949460483098e+01
2.192041979249861328e+01
2.199478103202034873e+01
2.177908169705593622e+01
2.188180406793488686e+01
2.176748569365782515e+01
2.139330995847219441e+01
2.073854255365971966e+01
2.112330937902350314e+01
2.191659783083873236e+01
2.167097493175359801e+01
2.132768128978863587e+01
2.158672749720214057e+01
2.181815277424906441e+01
2.149425729762187842e+01
2.185844758959421341e+01
2.092074201934141087e+01
2.154452864107697252e+01
2.177706776241259234e+01
2.105060382269349617e+01
2.103823046484574633e+01
2.181518813272872848e+01
2.171346157667628773e+01
2.066007591995411730e+01
2.191958728350693519e+01
2.189841245869241249e+01
2.197964478189459925e+01
2.151386147722146092e+01
2.196314542489329114e+01
2.129524293080437047e+01
2.185128242550793942e+01
2.084448791468374651e+01
2.156452468270729383e+01
2.141063830846160698e+01
2.150282554346221531e+01
2.143614945497491675e+01
2.194047021870127168e+01
2.180924125919195689e+01
2.148318198814711621e+01
2.155731043451682893e+01
2.155314167964761651e+01
2.094981348282390599e+01
