1.205229621907718496e+01
1.205229621907718496e+01
1.101933661793940900e+01
1.074024347460226458e+01
1.042192787358188255e+01
1.099488829179644256e+01
1.059913515578563725e+01
1.092263789806472296e+01
1.045586788286770386e+01
1.083037274548425799e+01
1.070130133213023882e+01
1.040743111901083928e+01
1.028862119678563758e+01
1.020765159267287814e+01
1.059430096214445527e+01
1.025614911695607923e+01
1.052855885308508377e+01
1.027659028454185375e+01
1.047133237270784178e+01
1.027367995036117776e+01
1.038853678031128069e+01
1.022121548482358122e+01
1.013985299881610125e+01
1.029210756450831887e+01
1.024779327692911579e+01
1.021010918387590216e+01
9.691245560212129462e+00
1.157917217266885856e+01
1.129506006824153097e+01
1.079025432520807470e+01
1.101014101951681035e+01
1.084399719587840316e+01
1.062469411327135838e+01
1.049030233602057471e+01
1.058756836911832266e+01
1.033100659812032340e+01
1.027224191553438004e+01
1.024667689664468462e+01
1.015363267270168990e+01
9.965141076979822543e+00
1.170199367206470065e+01
1.074707019741645020e+01
1.099478249337610691e+01
1.035681972849558186e+01
1.039833367437021394e+01
1.028027651285129807e+01
1.120612466375517791e+01
1.125420684492845602e+01
1.067195176253111200e+01
1.047275572347793116e+01
1.065406008780351321e+01
1.040687570888017888e+01
1.026488346768539550e+01
1.006808143041116743e+01
1.003793319110014615e+01
1.128409619771393224e+01
1.115207278772026456e+01
1.093063058736844440e+01
1.053371328670062468e+01
1.063838919643952075e+01
1.045416911005706595e+01
1.044338090427046062e+01
1.053148281820934606e+01
1.032893259519654805e+01
1.025543905834392966e+01
1.009901574593949825e+01
1.020198197042809340e+01
1.015768671432673287e+01
1.170399063674476281e+01
1.022248039784605389e+01
1.049862621942627072e+01
1.020916318570823833e+01
1.160227425875655172e+01
1.094953525014663320e+01
1.071511540017083597e+01
1.033509790507908477e+01
1.010931382087712116e+01
9.933503146708362763e+00
1.174987855800081427e+01
1.064196164501109720e+01
1.031088152672669622e+01
1.039924045041230016e+01
1.037163603978061133e+01
1.024159183530041517e+01
1.013481387893457430e+01
9.832474827709340559e+00
1.164177351457385079e+01
1.083619710079455345e+01
1.068369680804211974e+01
1.055180445170077164e+01
1.050606136575890126e+01
1.021074624730372804e+01
1.047354801007987035e+01
1.019036866379679651e+01
1.162158056556905272e+01
1.105907211573142490e+01
1.070894813989794869e+01
1.028846562562106470e+01
1.031000396191730495e+01
1.004317949854929637e+01
1.155845330597181331e+01
1.100530014633056197e+01
1.109991064140770867e+01
1.086256912026503230e+01
1.015268541562955917e+01
1.027050214769300496e+01
1.153139247817835411e+01
1.066621619650933184e+01
1.081663987503451274e+01
1.027952367029882197e+01
1.047770524915966739e+01
1.046473035452225631e+01
1.023638655119353658e+01
1.035303018208954029e+01
1.044841751499133053e+01
1.017758378190799284e+01
9.900933144841237876e+00
9.957341408804019522e+00
1.147536231794289385e+01
1.041566105147499144e+01
1.039628899803987494e+01
1.013936684196182902e+01
1.030769006511152419e+01
1.025641436770484027e+01
1.018083187609598639e+01
1.158134395848912490e+01
1.062003571273771030e+01
1.060969933664375198e+01
1.077027859598338644e+01
1.037723973634133579e+01
1.004844251891975659e+01
1.164922366478306870e+01
1.062960845275396338e+01
1.032757706175032730e+01
1.037292803847852163e+01
1.009976475212761393e+01
1.002276294595904460e+01
1.140108792943514970e+01
1.022067808086430674e+01
1.083651684312388142e+01
1.020740417275205303e+01
1.016044446991702976e+01
1.035294855342642606e+01
1.017974311784460184e+01
9.967556760271985894e+00
1.109567078723464029e+01
1.099832954981283528e+01
1.072999029523272441e+01
1.016680312944772702e+01
1.003006166592698278e+01
9.943085069911695939e+00
9.910880073296288728e+00
1.116297088832771500e+01
1.076090979198351683e+01
1.064983781124742279e+01
1.040726072732197949e+01
1.047325217457769675e+01
1.021528150380555822e+01
1.028272960613699993e+01
1.025573176721383462e+01
1.015510644245172678e+01
1.149030337560858150e+01
1.039536137096985691e+01
1.018096620638930538e+01
1.018013087020172236e+01
1.141557208751422792e+01
1.072918195723778467e+01
1.073552072995485496e+01
1.093710297254615327e+01
1.031551102594096925e+01
1.033342291227982201e+01
1.129301231069800338e+01
1.076948416383169871e+01
1.057288726312343741e+01
1.049506426142854743e+01
1.109711452496664208e+01
1.079169826733786586e+01
1.025515375521472627e+01
1.044653927321898657e+01
1.016762936592961530e+01
1.026486366218961166e+01
1.013641106105138157e+01
1.008464569975728509e+01
1.146813559351390488e+01
1.070370153246940959e+01
1.034371655485351127e+01
1.131067421679635743e+01
1.103456749091521338e+01
1.045469294057278553e+01
1.032496659403970618e+01
1.117761169696641410e+01
1.084182505224788073e+01
1.045751447712797599e+01
1.005902708923003885e+01
1.143281534796873977e+01
1.031580426558570984e+01
1.014134909158966025e+01
1.001406962725546457e+01
1.135948814846108412e+01
1.096736195456551854e+01
1.010966438852932114e+01
1.140748382738634703e+01
1.144297157913832130e+01
1.055071578734485449e+01
1.008185728588353136e+01
1.125213983450750810e+01
1.022875299068208932e+01
1.036934789617143338e+01
1.026343242001269473e+01
1.112636472823808909e+01
1.058989749682448434e+01
1.059212053766895956e+01
1.036519623118075195e+01
1.124286860367345753e+01
1.038427620979673272e+01
1.137803365190272764e+01
1.067421941952307485e+01
1.020836156278197038e+01
1.002481516576035325e+01
1.140473330978099398e+01
1.014102337468124126e+01
1.117666159965003736e+01
1.070195376788307762e+01
1.044053680330816825e+01
9.863510795995329872e+00
1.130433621298810642e+01
1.024620898459125584e+01
1.130698214616448105e+01
1.058236213886628718e+01
1.010714270345035892e+01
1.132599792011797391e+01
1.042865914851579845e+01
1.012227019769272296e+01
1.045176754067749947e+01
1.115503711929330954e+01
1.063873175484991762e+01
1.035672474758027484e+01
1.014758850893527153e+01
1.039121783418725009e+01
1.119560348378703196e+01
1.035620350251477007e+01
1.033271614454313259e+01
1.034620079365210010e+01
1.010333890799383738e+01
1.116979075077999894e+01
1.081425897090421984e+01
1.117345540736080522e+01
1.062848589278271305e+01
1.049087150402983326e+01
1.033455231874729385e+01
1.004459205355346896e+01
1.077150906407403319e+01
1.052285135749687939e+01
1.057074288908617277e+01
9.903130044676752064e+00
9.849254299817273406e+00
1.138504750840339774e+01
1.126026525932532785e+01
1.063118843139906211e+01
1.030274697217329027e+01
1.136635525894097221e+01
1.041435578691127439e+01
1.024707013348864315e+01
1.020608515959451701e+01
1.105091359695808428e+01
1.078371766902080076e+01
1.024137887568140748e+01
1.098224725800830370e+01
1.067787853935256592e+01
1.014848315395130030e+01
1.139057647805041995e+01
1.058308797327005557e+01
1.100881115361657336e+01
1.044849339344748529e+01
1.033867311765741803e+01
1.043418000936851264e+01
1.053204031846373745e+01
1.025787971145656385e+01
1.007768168658168051e+01
1.002306590187906465e+01
1.135436480133915182e+01
1.048926190939170766e+01
1.009260835155017766e+01
1.126153751307292694e+01
1.035894607058421890e+01
1.036184281820172082e+01
1.129772753431848820e+01
1.033481659484714932e+01
1.004230439090387428e+01
1.083553444890152484e+01
1.060370387951356896e+01
1.043138687625377514e+01
1.000083992353684081e+01
1.104872801215804223e+01
1.030210607262194955e+01
1.020650037832817425e+01
1.088327395038647438e+01
1.079459137865553942e+01
1.038559253498891977e+01
1.042705536718694326e+01
1.115667581970865996e+01
1.038831613519219665e+01
1.017149823659293872e+01
1.120656106431171040e+01
1.027139680088623841e+01
1.024483718406941435e+01
1.020972080592124165e+01
1.008006353884951345e+01
1.127654377528109109e+01
1.029565928175282608e+01
1.004039540968591737e+01
1.126586917945480693e+01
1.005878701850426715e+01
1.102521550930334193e+01
1.068520923896010899e+01
1.026350006516410929e+01
1.021717305222136751e+01
1.092379653487724234e+01
1.078632942716696874e+01
1.060758211261740769e+01
1.044732893413197417e+01
1.104156642455818549e+01
1.066485011346292744e+01
1.108829008624168466e+01
1.037379723020927003e+01
1.122987541377184328e+01
1.055813540323659616e+01
1.120274745420017304e+01
1.031202537059820834e+01
1.025700024539708011e+01
1.097844471363741903e+01
1.087998742304714206e+01
1.119098785862201773e+01
1.038712182207636303e+01
1.037494780473409683e+01
1.081560158341082456e+01
1.044220422843122087e+01
1.025952319912164512e+01
1.012113627382034942e+01
1.022167627608795648e+01
1.011501179151457386e+01
1.096374633633664430e+01
1.096374633633664430e+01
1.041862517526496390e+01
1.035018042800236771e+01
1.123793874872481702e+01
9.996027207212403454e+00
1.027874047836955462e+01
1.129061678428373838e+01
1.019854624611544125e+01
1.057391236707202431e+01
1.096827042772638450e+01
1.020838417667664366e+01
1.101232134453702116e+01
1.079684077886204996e+01
1.119174434014593089e+01
1.108434281619816986e+01
1.052367198891473521e+01
1.109297518280924777e+01
1.056347902654394488e+01
1.006209647902660898e+01
1.093794027634743493e+01
1.060996474788699473e+01
1.048634366467429935e+01
1.104703081733302028e+01
1.072624582897075740e+01
1.090965883823053240e+01
1.021396758658671722e+01
1.124032914810968897e+01
1.024700432806545258e+01
1.104825947979044898e+01
1.020739208356940786e+01
1.112557548129110430e+01
1.035835467521410180e+01
1.128661681906221403e+01
9.993667274946473000e+00
1.099426454447440626e+01
1.044915385397057683e+01
1.018690466511284676e+01
1.070015316817934625e+01
1.054668433008465023e+01
1.047824780135199596e+01
1.107731020106534814e+01
1.056905903601688124e+01
1.044117032107831555e+01
1.080099370785135271e+01
1.037881782226470406e+01
1.040347129793443415e+01
1.046674420784745685e+01
1.021795598968729735e+01
1.105496049199797959e+01
1.036938875178735842e+01
1.000370194972072113e+01
1.087288283548616263e+01
1.062338017289012448e+01
1.033930504598979638e+01
1.116642539771000742e+01
1.051937454985450060e+01
9.990239620688576849e+00
1.104462411957686285e+01
1.017577217487739283e+01
1.092539005653338258e+01
1.060906643701482999e+01
1.091896659011939086e+01
1.079016529218252352e+01
1.041559035522080734e+01
1.102347736491714159e+01
1.025189587555441229e+01
9.843717027061019920e+00
1.107654114215486096e+01
1.055815600353028572e+01
1.025139035468568594e+01
1.005993357826473833e+01
1.114479848265020934e+01
1.010536224773564129e+01
1.072757481951572345e+01
1.057781390414343647e+01
1.015376591475761359e+01
1.009296033767658507e+01
1.114912317128456465e+01
1.111642851302014634e+01
1.074427425091908717e+01
1.044217067614576955e+01
1.009126423941467543e+01
1.118878878587706183e+01
1.080563182096161512e+01
1.077575442992346133e+01
1.028326691092840584e+01
1.015209064093420288e+01
9.966031181895042224e+00
1.076129073890937882e+01
1.063811800328111268e+01
1.008891555738809842e+01
1.031888450850334316e+01
1.083050974435128744e+01
1.022263495920675780e+01
9.802419273607902994e+00
1.094477163522558705e+01
1.054563750610183348e+01
1.004386456755676527e+01
1.089524424512292100e+01
1.038338775969270777e+01
1.078101030349038858e+01
1.069842478885234982e+01
1.063811307935708328e+01
1.030817646022285317e+01
1.001751343298892749e+01
1.088432129541341808e+01
1.074832326373305591e+01
1.096542309594105014e+01
1.024374760743422996e+01
1.066357084644964459e+01
1.115802018430595943e+01
1.067817980458210414e+01
1.118086853204006559e+01
1.132193250170050547e+01
1.100564751089550519e+01
1.043014504549037724e+01
1.017823016332792108e+01
1.105087419916701030e+01
1.039808622289850071e+01
1.000233745558036702e+01
1.107416560428015195e+01
1.118834322322734742e+01
1.009843775377863295e+01
1.108924839548531693e+01
1.083931705653895605e+01
1.032603914897345199e+01
1.022378347193767034e+01
1.109404785098086244e+01
1.085589380077063915e+01
1.063423381214148478e+01
1.100675699289291565e+01
1.016974393950754774e+01
1.094115407203130808e+01
1.074413860710503776e+01
1.017521592738199665e+01
1.089491201400958786e+01
1.047946866367720453e+01
1.040220873665718315e+01
1.122886691365928868e+01
1.086122112720310540e+01
1.042516577569150726e+01
1.039943542685606559e+01
1.104629724781909594e+01
1.049263151430771757e+01
1.067855250862038829e+01
1.027237901451436564e+01
1.023465259439974240e+01
1.071860104258668933e+01
1.062515958878178068e+01
1.099030726166567007e+01
1.095487430676925378e+01
1.041548949410257840e+01
1.030496021159260067e+01
9.972965096600955093e+00
1.096151341276478419e+01
1.048015015262886074e+01
1.026833209127376634e+01
1.026693618595511559e+01
1.103243858313896020e+01
1.036839429268093760e+01
1.090493844136785917e+01
1.100637450467915457e+01
1.015586006261555774e+01
1.089456166085146016e+01
1.067604692442464476e+01
1.039658219610529599e+01
1.001067438453707759e+01
1.072534268473782149e+01
1.026376404583340296e+01
1.083681397392848211e+01
1.048656805833754113e+01
1.017794458244422984e+01
1.026764344541925134e+01
1.018235603598964900e+01
1.094505305262967632e+01
1.037939890762031858e+01
1.097300109238807586e+01
1.024602130578159453e+01
1.083385374043415261e+01
1.054219327688467978e+01
1.082157489642061066e+01
1.016051041373434138e+01
1.009988929028366833e+01
1.107639803029872283e+01
1.087666276617230032e+01
1.045105810513252287e+01
1.080452529851871013e+01
1.035958831638105160e+01
1.092274112948350862e+01
1.102158090022205172e+01
1.093642431436022910e+01
1.037344201139183397e+01
1.069033254826671353e+01
1.035641577700134341e+01
1.018774827950645268e+01
1.119833033505901199e+01
1.094781690110076511e+01
1.115145773124019613e+01
1.056830248578861209e+01
1.053229231039859393e+01
1.056317121260466507e+01
1.091038063727824969e+01
1.094837745609739699e+01
1.010054097664336048e+01
1.015823241238401664e+01
9.933817902873938621e+00
1.074324421222959636e+01
1.023079010614714512e+01
1.073879146482426883e+01
1.033699340512521836e+01
1.031578511618709904e+01
1.076891646806035574e+01
1.023773185550818532e+01
9.906588219811663265e+00
1.085602654815824408e+01
1.018824831050014623e+01
1.105756880065247927e+01
1.095612278417378249e+01
1.055418238555663990e+01
1.021470796970460349e+01
1.099041629667831188e+01
1.015896179226344387e+01
1.107408210899850509e+01
1.017230934840164558e+01
1.098948013904551324e+01
1.026263388359667417e+01
1.115494004299458908e+01
9.970814428060705836e+00
1.084752449139341657e+01
1.053553896492570274e+01
1.066395761901587669e+01
1.034124082198491834e+01
1.017723465374131919e+01
1.091330926680846503e+01
1.018999702866781831e+01
1.008171079947373627e+01
1.084082494927189977e+01
1.029079682688903219e+01
1.083627508305962195e+01
1.059026723455336061e+01
9.841047050739653912e+00
1.087899420241468817e+01
1.067854454766217920e+01
1.001410771409262956e+01
1.101634408487259797e+01
1.008070709594549541e+01
1.077562450202507094e+01
1.089778333918692077e+01
1.037290052657442097e+01
1.025034535890237919e+01
1.094996015680711210e+01
1.108785911906186783e+01
1.092502654994564004e+01
1.034985271669885520e+01
1.082375493609310624e+01
1.063301004372404002e+01
1.057812865085583454e+01
1.076420479507449812e+01
1.025828985363703794e+01
1.054528263765269180e+01
1.040302598389219035e+01
1.068614221953941090e+01
1.087615986602424734e+01
1.081814451636251029e+01
1.047303898453706061e+01
1.071106642524481600e+01
1.047608355011778869e+01
1.091026619920856611e+01
1.056044075131875282e+01
1.084568243051970171e+01
1.033711673061990943e+01
9.997246433556078671e+00
1.101267790853600026e+01
1.027511193184651006e+01
1.048160480892285840e+01
1.098857625902154567e+01
1.087030301882549566e+01
1.043648367984577519e+01
1.090657193169664119e+01
1.016224409175489996e+01
1.012081041795745762e+01
1.073856241226174646e+01
1.046272538419223785e+01
1.025730505081000032e+01
1.034312461494554825e+01
1.063149018276342694e+01
1.067334577147992647e+01
1.050827202762727453e+01
1.080003211528213569e+01
1.063749482484526787e+01
1.029476553455613619e+01
1.094392082108517172e+01
1.080512313706099192e+01
1.030919265431863252e+01
1.015426660290312633e+01
1.093565503711518971e+01
1.025359069578991544e+01
1.065854264649849981e+01
1.042949421173076097e+01
1.069308705052714537e+01
1.032650372901435176e+01
1.012625794541114210e+01
1.068615967920917953e+01
1.013842891090259535e+01
1.062003371871349344e+01
1.045346961304530176e+01
1.064575490140505210e+01
1.058243086038537761e+01
1.076497399634120100e+01
1.029058913056391233e+01
1.096698803233187292e+01
1.090820101445592094e+01
1.086108184892549033e+01
1.076585172423206238e+01
1.042486074633761994e+01
1.020483569137789637e+01
1.070009010885998713e+01
1.063221675594925664e+01
1.024049274495552453e+01
1.069904755571338306e+01
1.051057183365700354e+01
1.021910844759613823e+01
1.002509786867157615e+01
1.075195713834349931e+01
1.053839700170065896e+01
1.021775787175037031e+01
1.096783058130113808e+01
1.084235645206073784e+01
1.061362803146668732e+01
1.056137436154687137e+01
1.072001285526947534e+01
1.046302319812917325e+01
1.093747805561240938e+01
1.086748220132074394e+01
1.066521845310242433e+01
1.047852610420392416e+01
1.072347375542804748e+01
1.086431152049857829e+01
1.023577225781689926e+01
1.100955936385323497e+01
1.070206585121689180e+01
1.072687827350856793e+01
1.024392100356116408e+01
1.004044495770263268e+01
1.066737693075443971e+01
1.035006793214560794e+01
1.014325901789492690e+01
1.080543787985608084e+01
1.007783937437831412e+01
9.965662242517344893e+00
1.078777642643263057e+01
1.022796225898748190e+01
1.026714116467210758e+01
1.092808977439677598e+01
1.023695315286026464e+01
1.078642551016279860e+01
1.100689622234104270e+01
1.073360293693428957e+01
1.045056409196286040e+01
1.099539374681806336e+01
1.070621183423529210e+01
1.089331951782260077e+01
1.042730494243344275e+01
1.062685766203386351e+01
1.020546165488810431e+01
1.023116757780501729e+01
1.080198871811830941e+01
1.025618274154973619e+01
1.083854808344828946e+01
1.111328755074664443e+01
1.095157502181407239e+01
1.083061914100314027e+01
1.053039420191049125e+01
1.058030395220367481e+01
1.065172124209246007e+01
1.076959458791641566e+01
1.078293649456529657e+01
1.070270122288834891e+01
1.063511555211092130e+01
1.096003156293008018e+01
1.090303762471528870e+01
1.069948631864185806e+01
1.076726699445126911e+01
1.028953049983914170e+01
1.066923027352510722e+01
1.018705046967769867e+01
1.089451918874564562e+01
1.016379953229149535e+01
1.060703558763269072e+01
1.000111821263976353e+01
1.025932886510002717e+01
1.095506061457521163e+01
1.073918213662967247e+01
1.095609883895419223e+01
1.094444280104410616e+01
1.074001864548890239e+01
1.061365492473839467e+01
1.027087377018611747e+01
1.089084084959575627e+01
1.069246958069066622e+01
1.084095236224982450e+01
1.078684691026902343e+01
9.919319929921941892e+00
1.058818843941775967e+01
1.100548458166366927e+01
1.075306675677908430e+01
1.089703591451281994e+01
1.096209418859228890e+01
1.076062974413153128e+01
1.069689364578740687e+01
1.065491876506774460e+01
1.094669550152022097e+01
1.086574118781440390e+01
1.070439553045865999e+01
1.050485257080064017e+01
1.081512466384439541e+01
9.965356017490616836e+00
1.069408437248286958e+01
1.051156827624809154e+01
1.063578495168797566e+01
1.016998605571826531e+01
1.010989714960111030e+01
1.056567152594614356e+01
1.051077441955173519e+01
1.067107166097942894e+01
1.009663067184030538e+01
1.078480180756607254e+01
1.036530293672982594e+01
1.074883060175345229e+01
1.061085883375088201e+01
1.027962938678590632e+01
1.085318529412177391e+01
1.069624129128846235e+01
1.053273665512024770e+01
1.007607033221387560e+01
1.082944726264861224e+01
1.084756726134969895e+01
1.074927346576112797e+01
1.026018207901032042e+01
1.067217648117435402e+01
1.022604453857369222e+01
1.082196431037037421e+01
1.070966176170888495e+01
1.036571666709921224e+01
1.036340645021087958e+01
1.029371134683168698e+01
1.059823862692366170e+01
1.024465818150063434e+01
1.019865745965373094e+01
1.054699412422397309e+01
1.014347845664048720e+01
1.086529928194264194e+01
1.089236370382842445e+01
1.078839138740389103e+01
1.014251955054771770e+01
1.050775432656326913e+01
9.938657000950259501e+00
1.089814605270539616e+01
1.047355765607755629e+01
1.048539255078808452e+01
1.057370375048706457e+01
1.097456049158813940e+01
1.065655740996236744e+01
9.998950637946004250e+00
1.071940871098125037e+01
1.073676303111109398e+01
1.058137486258131865e+01
1.020488982218322249e+01
1.093494678929714503e+01
1.081656797292095007e+01
1.092627423458270641e+01
1.052643557383152562e+01
1.032059207232819276e+01
1.082024640858998055e+01
1.086577634984884355e+01
1.071046964219229203e+01
1.089890639397734873e+01
1.046109659071656139e+01
1.045558911891332521e+01
1.023352621894421333e+01
1.067081749004745106e+01
1.067529825856586712e+01
1.073545593229720119e+01
1.065187937477650060e+01
1.015738299026198277e+01
1.065426368262336254e+01
1.079877165984445320e+01
1.015533650292282708e+01
1.052596545432944275e+01
1.058069043670876397e+01
1.033735965270805934e+01
1.072196572913791357e+01
1.067048807810730437e+01
1.004753198210315368e+01
1.041576336448640561e+01
9.879055259696182034e+00
1.064916894070707976e+01
1.074995101328562797e+01
1.049280648653515158e+01
1.062703277324602880e+01
1.075638057525842939e+01
1.026098312939739898e+01
1.073992409575973639e+01
1.026525329856174729e+01
1.086667604045226554e+01
1.062922733467606129e+01
1.067441063884298202e+01
1.078573295763281159e+01
1.091124262608540185e+01
1.085040674062613064e+01
1.007498879179159701e+01
1.068897278407065343e+01
1.079184894812122053e+01
1.065604891564122880e+01
1.072548976188552317e+01
1.052722004744465956e+01
9.988338979142355356e+00
1.075633474298195402e+01
1.070282068788050367e+01
1.012639741149004990e+01
1.067545792112185765e+01
1.035613363873681081e+01
1.087567264055968685e+01
1.050376636963536114e+01
9.916402156161746362e+00
1.064866568009185599e+01
1.057196782573371863e+01
1.038841455131102798e+01
1.078844896365295725e+01
1.070767787425738859e+01
9.939755362101605485e+00
1.062270183913168609e+01
1.058536494941921369e+01
1.051001644355051745e+01
1.055884364237569706e+01
1.023014215637706492e+01
9.797146812921365466e+00
1.052162174322692323e+01
1.009569213335971938e+01
1.064602226778196403e+01
1.069124273370016098e+01
1.056264379211316928e+01
1.031975453827607758e+01
1.026251571211084546e+01
1.085169868499112411e+01
1.094095655060291072e+01
1.040648457932670645e+01
1.055882056900495769e+01
1.071990237319068662e+01
1.096300226689356982e+01
1.073572988357686775e+01
9.910263568912807131e+00
1.059999743374133097e+01
1.041064259126355296e+01
1.028616991728029539e+01
1.024498898541812153e+01
1.071030167309426240e+01
1.008970036515174939e+01
1.053439426536625767e+01
1.050228612503681980e+01
1.025176179362206064e+01
1.007828573753994128e+01
1.062212368313383948e+01
1.060927441222153433e+01
1.019134557463401158e+01
1.057484416373891634e+01
1.034004173524884607e+01
1.050592257513216232e+01
1.033380922832169091e+01
1.070506220372889494e+01
1.069641325688638211e+01
1.067288530465738283e+01
1.011075898709441745e+01
1.044882546016645186e+01
9.999870784535197288e+00
1.072144647921785499e+01
1.072996237592728974e+01
1.031811095988555138e+01
1.005991668354794832e+01
1.068418377862920998e+01
1.075070637988034861e+01
1.008252269182503191e+01
1.072149675890180731e+01
1.029686247889331874e+01
1.043210550447515494e+01
1.078581007497941080e+01
1.054918143113368068e+01
1.044408103625210948e+01
1.055991198685907406e+01
1.070271684490548658e+01
1.039450146443904188e+01
1.072958193920737457e+01
1.033969852497937048e+01
1.089355240249589585e+01
1.032249199999150946e+01
1.026691827812414992e+01
1.036218064297437103e+01
1.066102387594488476e+01
1.003345048371824255e+01
1.065204682315228268e+01
1.037404177859104593e+01
1.045346109462953521e+01
1.070217088303166086e+01
9.940708082779748267e+00
1.084882121824052525e+01
1.029456458464783175e+01
1.001121779879527018e+01
1.075141490315331971e+01
1.056789563206262805e+01
1.063731721294104560e+01
1.045831531836143036e+01
1.065088637889635237e+01
1.077152248697922765e+01
1.039138571502077113e+01
1.059044843090591570e+01
1.060488078075399265e+01
1.069386285055291985e+01
1.023442912524505033e+01
1.071390396652063792e+01
1.013271935599930629e+01
1.087931628637862858e+01
1.063486773401519336e+01
1.001887803352117601e+01
1.052102218994407146e+01
1.077191041888968392e+01
1.061239990253036858e+01
1.076089595783717812e+01
1.065075685578041309e+01
1.069136554382234650e+01
1.027135847956730252e+01
1.084240313286688462e+01
1.048513914920595269e+01
1.039175793819104854e+01
1.084110116189289208e+01
1.067642908936138291e+01
1.043624263751602932e+01
1.035474827068116177e+01
1.042482106074453085e+01
1.091466985637831932e+01
1.027003411247093467e+01
1.026083040605339924e+01
1.041838312672848410e+01
1.049072471517777672e+01
1.052175999093344139e+01
1.078505539287502835e+01
1.079562836513558466e+01
1.024560166673531114e+01
1.067379929590104659e+01
1.034383977255181541e+01
1.042049884453667552e+01
1.079252325622531750e+01
1.067747124420730565e+01
1.071115024679817296e+01
1.001834667196925999e+01
1.045316645563599600e+01
1.069647980546806920e+01
1.049588136527706084e+01
1.067473245039174223e+01
1.053987917037491506e+01
1.043532255080898352e+01
1.039353965925695178e+01
1.065525273621531710e+01
1.048419852346178160e+01
1.040720681851686891e+01
1.072093009067255664e+01
1.061223235986201985e+01
1.078646816657557039e+01
1.041592761595071970e+01
1.027796458294128890e+01
1.068047922057965415e+01
1.073500233256559255e+01
1.042675756044438806e+01
1.032043275008407335e+01
1.057799954030578249e+01
1.057092684819140338e+01
1.074511437358730070e+01
1.006410566456781908e+01
1.013055496852788018e+01
1.071861115452391999e+01
1.067082589173565488e+01
1.062915152134089247e+01
1.066072677307566963e+01
1.074593865295273254e+01
1.036410574343301327e+01
1.078194928569867628e+01
1.065181790771447723e+01
1.053015365557949146e+01
1.063980071955157669e+01
1.017394506305476476e+01
1.080101965931179642e+01
1.041782211531636904e+01
1.021457365465919764e+01
1.041523337906959767e+01
1.074366327801029364e+01
1.081122908128589799e+01
1.063115023200530551e+01
1.048448050428053868e+01
1.023677199321261000e+01
1.013939233147697827e+01
1.062923968104816019e+01
1.089945288995999917e+01
1.047688962216402686e+01
1.065917464215673149e+01
1.026699698726680587e+01
1.064626407276292142e+01
1.071043596214394178e+01
1.068812467191199467e+01
1.059953028218204807e+01
1.021483082351266347e+01
1.038215144359885578e+01
1.068623873126411716e+01
1.070529157158576972e+01
1.070965985044784219e+01
1.074900367441943594e+01
1.047992059897989670e+01
1.070456553911144759e+01
1.053854619265206516e+01
1.061519420164080074e+01
1.001525119073741266e+01
1.053745300190247569e+01
1.040728467088357156e+01
1.061427831692975410e+01
1.068727772818841437e+01
1.081794477727594384e+01
1.048746786021095190e+01
1.047659306536765200e+01
1.040699487365611731e+01
1.034984196651682176e+01
1.065925962915333614e+01
1.044476446984086948e+01
1.075471590788504450e+01
1.088903959675623945e+01
1.078344289873581374e+01
1.057674658048047078e+01
1.046915328429848913e+01
1.012345851170127453e+01
1.069072476317766629e+01
1.051938322275773530e+01
1.059635283079414947e+01
1.053539501711522242e+01
1.074538711598795082e+01
1.059270745254903012e+01
1.062446735454279789e+01
1.051894375641251145e+01
1.076750287612577672e+01
1.043389802169101799e+01
1.009632576034745099e+01
1.043056855875713573e+01
1.060735990353745706e+01
1.063085227456593884e+01
1.074173089726853370e+01
1.020831540435117191e+01
9.900686475958414334e+00
1.068300804433400231e+01
1.036331259123353554e+01
1.015578163568182291e+01
1.037080491888800715e+01
1.060221742166826253e+01
1.049235856686579460e+01
1.060277572142355140e+01
1.033862399288288536e+01
1.054992287393818984e+01
1.074691160547568103e+01
1.046709787996083563e+01
1.076465994188501263e+01
1.085731018686107419e+01
1.044687028233058435e+01
1.054912687380177516e+01
9.793543857895148363e+00
1.068373527925288080e+01
1.068624466114812321e+01
1.056729248074028504e+01
1.034380350219837297e+01
1.041222236263250167e+01
1.061672509773678641e+01
1.054633154398413808e+01
1.046460521010566325e+01
1.073329499367312323e+01
1.037368905600355440e+01
1.033486784244471046e+01
1.040645075717384316e+01
1.052775160182895853e+01
1.030084329143168809e+01
1.026642402705810042e+01
1.041049430727101210e+01
1.052877279634438423e+01
1.016450378456554304e+01
1.054228016898413500e+01
1.002413395545542230e+01
1.061686092623630628e+01
1.036191852088069254e+01
1.055658809750075555e+01
1.029174838536824765e+01
1.063021526830943841e+01
1.060917477467390491e+01
1.050530216095856773e+01
1.006473832607972163e+01
1.066199137894088977e+01
1.046634347618685013e+01
1.082056168153614983e+01
1.026467577794368147e+01
1.042393803260892327e+01
1.069651685269301744e+01
1.040541137431632812e+01
1.017909878157650105e+01
1.037199601734584320e+01
1.070015924009133634e+01
1.084167451728528953e+01
1.083951588030877033e+01
1.058092063914474501e+01
1.046954052620583120e+01
1.075335351229324488e+01
1.024789188357455494e+01
1.056707547392535140e+01
1.064354597569372629e+01
1.065591394917784740e+01
1.051622434517536142e+01
1.003545175834906011e+01
1.078875042294358266e+01
1.071715827896163553e+01
1.068858164874638206e+01
9.915489315470447096e+00
1.016554224487728675e+01
1.061128801856945536e+01
1.053764343328779951e+01
1.061298726809912729e+01
1.026224778024942452e+01
1.067041866427765129e+01
1.044040948823024806e+01
1.024452197012558941e+01
1.061204396398550287e+01
1.075652148130851771e+01
1.076221709408201122e+01
1.052679554329233902e+01
1.064565828273614478e+01
1.020313124590561138e+01
1.063609282222850538e+01
1.044319820552846956e+01
1.058314365241710142e+01
1.051033104615978253e+01
1.053326845569623060e+01
1.038024348874010805e+01
1.014257102268006783e+01
1.062663035919099030e+01
1.062692145220302287e+01
1.058978036968945524e+01
1.046538351909002529e+01
1.046000804765255765e+01
1.034471409091544025e+01
9.993917104944420871e+00
1.075646822235855637e+01
1.020165469128171232e+01
1.055562006205478731e+01
1.058973589899528456e+01
1.073211935100089143e+01
1.064588478878460975e+01
1.074595474368380188e+01
1.030869383143979690e+01
1.053839912308967186e+01
1.047743728548042697e+01
1.072661274975703094e+01
1.053339223860141161e+01
1.057929241846744617e+01
1.045595194082593515e+01
1.084017195344763174e+01
1.061741930027300818e+01
1.053044840230617396e+01
1.073198225478330770e+01
1.055151708530712007e+01
1.051920130805693887e+01
1.020717992655854900e+01
1.060468199139396717e+01
1.064683797629935924e+01
1.006558058619809159e+01
1.046392272458502681e+01
1.053752648880504239e+01
1.048973088265207387e+01
1.059138865465380164e+01
1.052549991750079883e+01
1.066867185913949356e+01
1.048837288934645784e+01
1.056098797299715386e+01
1.054722148797457670e+01
1.073712829731480056e+01
1.016449676498233679e+01
1.083528009942682857e+01
1.067103313646664375e+01
1.065838057637954961e+01
1.027416388296016869e+01
1.071438781429028886e+01
1.058849463175016403e+01
1.031820112351815766e+01
1.070472164833728712e+01
1.044964912373774268e+01
1.050260737810078560e+01
1.077313238133311657e+01
1.069067456420441786e+01
1.062731731393658663e+01
1.070986841751945917e+01
1.062497884354205269e+01
1.047445522412007968e+01
1.071920152941050830e+01
1.041252730575405216e+01
1.042644278252150869e+01
1.060670502301799623e+01
1.047139936081163825e+01
1.054660458026528502e+01
1.057871765666619446e+01
1.013835636157899778e+01
1.056837809090915492e+01
1.052859771514687282e+01
1.052020030592386313e+01
1.059628572401847713e+01
1.026186717545557947e+01
1.063147163211183788e+01
1.038727494389734751e+01
1.062704186145290741e+01
1.057604622918170634e+01
1.041936419542119019e+01
1.049772494140390044e+01
1.053430047473541009e+01
1.052419833961350371e+01
1.021642856413231115e+01
1.031691258442877590e+01
1.064019232316427832e+01
1.037261558578575560e+01
1.073546794239827484e+01
1.030225941538916246e+01
1.047133218424202816e+01
1.017226003934473688e+01
1.058328238003113597e+01
1.037787731360167065e+01
1.051991028971574771e+01
1.017153624957644276e+01
1.018212905294982562e+01
1.053776786503888196e+01
1.074245432372159392e+01
1.058032104469609713e+01
1.046436742683579446e+01
1.026718457032079179e+01
1.043376750471877834e+01
1.046843771740218187e+01
1.046083061593371788e+01
1.035084416814797414e+01
1.067685623481640178e+01
1.054733331419723541e+01
1.045890342752280588e+01
1.056237070134430844e+01
1.045934375253280635e+01
1.067265973856502193e+01
1.065778370875239389e+01
1.054234680574284333e+01
1.049944294695723279e+01
1.021043955929651759e+01
1.044326634754952288e+01
1.006090599907833472e+01
1.059024211892762146e+01
1.056199570954396449e+01
1.041727373176137306e+01
1.027244470314792757e+01
1.038392775983528793e+01
1.059739017133724914e+01
1.054251245465159847e+01
1.054529009967611586e+01
1.065753457707426222e+01
1.044202254909735039e+01
1.050688011946964906e+01
1.068133172650314577e+01
1.030760640325150490e+01
1.013815226746593545e+01
1.037116620057401661e+01
1.046848708042174536e+01
1.060579867148055477e+01
1.066677701291344604e+01
1.046472575569673857e+01
1.055417363227566874e+01
1.057379780047954299e+01
1.038595357058203739e+01
1.031391849461974353e+01
1.028946868215032850e+01
1.047067572441801353e+01
1.052789020439379009e+01
1.031758002286622933e+01
1.064747666587672192e+01
1.047949043150886794e+01
1.044477086663173182e+01
1.062069774565899216e+01
1.022194830673046617e+01
1.036530237974818647e+01
1.060898005927025345e+01
1.032771608501596816e+01
1.050417992928236899e+01
1.030884336930046175e+01
1.031921454593573273e+01
1.048333161900730737e+01
1.055909138874087105e+01
9.983386656776747969e+00
1.057375441589249476e+01
1.012918937668631436e+01
1.048235820799519935e+01
1.053946506460471433e+01
1.071388239995132530e+01
1.033811546581392804e+01
1.045335076850562750e+01
1.040143801337214136e+01
1.067592835560388131e+01
1.034117967802495031e+01
1.027543606695244982e+01
1.056333555810274305e+01
1.078464005067090348e+01
1.039012970156102078e+01
1.045477306875732459e+01
1.054613593850129583e+01
1.043719478976805171e+01
1.053901260393332961e+01
1.038735136819466653e+01
1.055638363510585798e+01
1.057261216896980649e+01
1.023789476452538949e+01
1.051743042010395257e+01
1.043726460813904566e+01
1.070145812259878504e+01
1.068991917826561000e+01
1.064658887912535867e+01
1.017136342233489188e+01
1.063414166801091731e+01
1.047793652056324909e+01
1.043611561972594259e+01
1.044850106869708561e+01
1.031628361263596005e+01
1.041836774242571195e+01
1.043287592881489800e+01
1.056002871940777332e+01
1.067778534833047388e+01
1.036567915588506672e+01
1.047213859541146164e+01
1.068749664998952476e+01
1.041192018744646042e+01
1.046274170983492446e+01
1.055424256139733963e+01
1.045251578051794716e+01
1.057882901294561862e+01
1.040280651658516042e+01
1.028475371272618233e+01
1.036650430536196943e+01
1.055382226877830298e+01
1.042831139554445308e+01
1.046832480926883413e+01
1.039207876125816199e+01
1.061586050003707626e+01
1.043794798420837466e+01
1.049446049139305792e+01
1.070050111479208788e+01
1.058587283290631831e+01
1.060013809346084557e+01
1.055220770313262335e+01
1.058507495406204768e+01
1.047189565956210799e+01
1.029736677100708064e+01
1.052064822207874784e+01
1.030494033785216246e+01
9.892465971133423963e+00
1.040095357539973620e+01
1.052227712903092538e+01
1.055614157576123624e+01
1.054969469897278422e+01
1.026673916497708561e+01
1.032634034967973058e+01
1.061313650166896849e+01
1.003263229197239781e+01
1.071922976632178681e+01
1.054416673869010523e+01
1.050542402308712475e+01
1.062149395644322247e+01
1.023996662390373835e+01
1.029558653957103331e+01
1.062778034021413909e+01
1.022993251926255809e+01
1.033891149145651589e+01
1.056412291892314848e+01
1.049957624457687011e+01
1.051140821267097714e+01
1.063746849737788480e+01
1.050068638179881653e+01
1.041932713111363640e+01
1.036174540862882054e+01
1.044645403718427978e+01
1.058229258007475870e+01
1.031777039185710265e+01
1.050062891116932207e+01
1.005872723958249004e+01
1.041719086336236622e+01
1.056943172742933612e+01
1.036196216698761674e+01
1.049233015822299464e+01
1.045572081441636669e+01
1.006917789619151904e+01
1.023965197649926573e+01
1.031185058052313508e+01
1.057228475643340460e+01
1.051213694364022544e+01
1.031798718608345666e+01
1.044203857388836454e+01
1.031264708672518182e+01
1.051450784553702000e+01
1.062969471419134315e+01
1.054409034487768615e+01
1.066591160301736707e+01
1.042839112776270838e+01
1.050675241008442029e+01
1.051327541151225908e+01
1.051099218701688187e+01
1.058265397510086636e+01
1.046337935756971937e+01
1.047328321730224765e+01
1.053114946890382164e+01
1.031243124309482440e+01
1.048766561019563426e+01
1.061690306864021949e+01
1.052322061234292683e+01
1.047786696914263871e+01
1.045029838927976762e+01
1.064272996337025923e+01
1.056455930923171316e+01
1.044093020623772006e+01
1.044805008817097658e+01
1.058379864637507950e+01
1.037988388050232302e+01
1.035244250488632112e+01
1.038650246672899868e+01
1.034087514411153563e+01
1.056778911991832715e+01
1.041057458515403056e+01
1.054013216972603217e+01
1.053179028530958838e+01
1.041793609631870332e+01
1.030840799617795334e+01
1.055927566057563816e+01
1.058349615971524926e+01
1.051586882581541538e+01
1.021572246694067054e+01
1.047005559437080535e+01
1.055146221351419733e+01
1.026571013887648753e+01
1.030038795400620444e+01
1.037694482243644778e+01
1.067141778372536542e+01
1.024514106148442849e+01
1.047738548685743609e+01
1.037076477680603581e+01
1.015094556514629787e+01
1.044819898105452793e+01
1.042343395232535741e+01
9.896285886435171264e+00
1.043565009379672048e+01
1.059715013196244371e+01
1.041712547127273147e+01
1.062633951133541821e+01
1.043841118230841047e+01
1.046302354396150847e+01
1.046678949612461018e+01
1.055862623954366519e+01
1.054844634475260712e+01
1.047868693225880499e+01
1.040515559769084675e+01
1.016910756621179424e+01
1.048902673939598884e+01
1.047453797235941941e+01
1.060958676533716272e+01
1.036480109784397285e+01
1.059785195396150925e+01
1.060097657904280943e+01
1.040199105140999869e+01
1.040704134456479046e+01
1.018602124851032009e+01
1.040903582809091077e+01
1.062606503999304230e+01
1.038690408775791596e+01
1.053195274672539128e+01
1.048106863992119919e+01
1.036712093047651884e+01
1.074319452074604619e+01
1.056145207390163598e+01
1.036798314061307380e+01
1.054756438527610030e+01
1.052024465743906312e+01
1.053156253855371638e+01
1.038262166307965018e+01
9.972525245253766712e+00
1.040953678603352728e+01
1.045625258142169223e+01
1.023418768379549348e+01
1.026181623526630560e+01
1.034614307957502888e+01
1.015322186745645006e+01
1.027521453078129277e+01
1.008047604142222120e+01
1.037158283960750893e+01
1.056680512975828812e+01
1.028947933419201277e+01
1.004483405228389259e+01
1.040333544475364036e+01
1.036596030780995825e+01
1.054365870710072528e+01
1.036718190574667986e+01
1.050841386105986608e+01
1.032507594318215460e+01
1.044820419862052141e+01
1.056507727101484484e+01
1.052421717342444651e+01
1.029270608787258823e+01
1.048931568110773860e+01
1.041166038940687244e+01
1.048999172948983194e+01
1.048790915446712013e+01
1.015979912785766004e+01
1.046630892990429373e+01
1.051168163670408973e+01
1.020612095353349247e+01
1.051676221932420319e+01
1.025342260548825024e+01
1.034393254156766950e+01
1.000841930071886487e+01
1.036335940495760966e+01
1.010570692436579598e+01
1.056703961656035418e+01
1.021381841143691105e+01
9.946496356028720953e+00
1.052923435225625148e+01
1.061853401750259351e+01
1.034662059508842269e+01
1.015831851832829891e+01
9.960022252223554418e+00
1.031294136766161529e+01
1.038918931183766503e+01
1.023003700742064481e+01
9.909796328015387346e+00
1.027751957182898401e+01
1.049522693539783091e+01
1.025431350801611607e+01
1.025656395501124329e+01
1.053738640918094482e+01
1.045643227851001811e+01
1.042948287529492291e+01
1.047631845601253708e+01
1.057918160383977835e+01
1.045059729791497993e+01
9.918928498971776975e+00
1.050323016875206505e+01
1.054115849605027577e+01
1.034311226922788229e+01
1.033058741302928674e+01
1.043479678981537617e+01
1.051412045080860125e+01
1.046242850377053912e+01
1.044600831282279074e+01
1.032454832258158817e+01
1.064664401269251748e+01
1.022106855457842833e+01
1.033728244739142887e+01
1.042698518375448025e+01
1.055366238294262793e+01
1.047137715004872405e+01
1.051415467311207053e+01
1.044723912791008757e+01
1.044201764887960238e+01
1.038812601559222948e+01
1.042490487236126029e+01
1.052149465639657500e+01
1.031409785511893240e+01
1.053643309309679310e+01
1.035524871492760468e+01
1.023105467251430767e+01
1.032011377209493830e+01
1.049223142669504227e+01
1.038635027920081200e+01
1.022558090497621031e+01
1.044431226130103951e+01
1.034000455885318459e+01
1.049837188684329092e+01
1.045026102029540560e+01
1.040101827432715176e+01
1.042748323800345212e+01
1.028358300259374047e+01
1.035761622894757572e+01
1.050478999955804227e+01
1.063945043877891372e+01
1.048226063279233244e+01
1.057420417414941660e+01
1.050426559659076986e+01
1.047810000942730113e+01
1.056400272190924738e+01
1.011107078479416721e+01
1.036770438143218165e+01
1.047873600222118817e+01
1.053222813359738730e+01
1.044314525976347241e+01
1.038186354778598641e+01
1.055555242350859579e+01
1.057428732150189710e+01
1.046228719476691538e+01
1.057750673916924455e+01
1.029224734265686259e+01
1.034387107152651808e+01
1.055142482354591138e+01
1.044429271445587837e+01
1.044953155768217279e+01
1.048872244387116837e+01
1.024044693760012414e+01
1.060589863689917678e+01
1.046494238153638356e+01
1.043503030414058586e+01
1.037244918839469499e+01
1.035309246289413920e+01
1.038386061626398771e+01
1.034951834829819717e+01
1.028170213511168640e+01
1.040306938969983896e+01
1.031332494611482886e+01
1.051668145389854203e+01
1.042790615165462853e+01
1.029102416385437735e+01
1.044706219215634313e+01
1.051325105726967557e+01
1.045907438462705663e+01
1.044599316360749341e+01
1.036009115143294324e+01
1.030843231133571258e+01
1.051909702478204700e+01
1.035365760090265752e+01
1.012695840776319223e+01
1.043464708916113892e+01
1.047514624512763248e+01
1.049174831303793276e+01
9.767869184339859956e+00
1.021625208491139247e+01
1.043003237269846650e+01
1.047762753714519768e+01
1.042440814359750689e+01
1.041369546634317089e+01
1.033895167834929474e+01
1.027790152071021268e+01
1.038074144508103736e+01
1.035397050241336991e+01
1.029262056062796660e+01
1.059049259899811801e+01
1.048821793951942993e+01
1.029903343106474090e+01
1.052957109043193284e+01
1.044495805195004046e+01
1.023623083969188485e+01
1.049110132047429467e+01
1.039647251318314503e+01
1.037066313715595811e+01
1.034593223901118719e+01
1.045238842736142537e+01
1.031582513747519769e+01
1.033997440423762448e+01
1.035030983695116369e+01
1.045791626794888529e+01
1.034553132151272870e+01
1.034433748894329952e+01
1.032800529235296416e+01
1.020048311087497339e+01
1.015214315790451849e+01
1.046323228097535463e+01
1.040170282486153219e+01
1.044391409575158214e+01
1.035186341702926782e+01
1.025141022504693389e+01
1.027289866669183560e+01
1.045263247482963997e+01
1.036811154241947364e+01
1.037913430275703774e+01
1.017816454956070871e+01
1.041238265617598735e+01
1.034713445224523909e+01
1.044241477453308242e+01
1.044365060588425820e+01
1.006267184463030873e+01
1.048412744111146466e+01
1.037214150907552046e+01
1.036800238755864179e+01
1.031430375588950632e+01
1.045953943834538435e+01
1.055515946359846424e+01
1.018816124302666104e+01
1.042435642850963795e+01
1.048091653985521532e+01
1.035830491686157906e+01
1.040269563836094768e+01
1.043040068368531692e+01
1.045578594085436208e+01
1.017913039073418169e+01
1.030791699642239223e+01
1.052163070572985326e+01
1.014620903735579560e+01
1.032893537844706344e+01
1.043084143743128500e+01
1.042361967248539401e+01
1.038709742873513520e+01
1.047319567948100705e+01
1.035573380125526732e+01
1.020762829215858147e+01
1.047528655273077192e+01
1.039147379570741414e+01
1.044757232712028916e+01
1.042170591448820183e+01
1.042100982596547532e+01
1.018419315889364007e+01
1.034221208298582617e+01
1.021121003318386222e+01
1.034917849632880582e+01
1.045715494852366234e+01
1.054627096908902750e+01
1.037343674702182028e+01
1.047164019113941968e+01
1.011709407066220834e+01
1.036582844824329541e+01
1.030383398433999709e+01
1.047946564450632856e+01
1.035932359419613213e+01
1.039503676027085710e+01
1.035803178131304136e+01
1.029761781107801788e+01
1.040092427777460315e+01
1.016037037701232748e+01
1.037977361634962392e+01
1.044447983092353383e+01
1.048598623435982091e+01
1.046848651204668279e+01
1.049700993140674754e+01
1.032142805100092886e+01
1.041500571843244671e+01
1.046009209232090598e+01
1.030556238216884068e+01
1.029901759539381167e+01
1.039120456622616118e+01
1.029010818285043172e+01
1.016885209130169265e+01
9.815510022503831422e+00
1.022857657633153927e+01
1.046894164635620506e+01
1.022183656807365537e+01
1.015516439279266692e+01
1.033475968698428105e+01
1.041667400557185452e+01
1.024750634506797198e+01
1.000321343568168686e+01
1.043862978079931558e+01
1.031072502924558165e+01
1.038346396389040116e+01
1.058003947587176441e+01
1.032274602390110907e+01
1.040032537187606820e+01
1.024336647069993056e+01
1.018893429188123179e+01
1.046426825362829582e+01
1.044930464397712555e+01
1.026322217158794459e+01
1.025495084235520515e+01
1.040836297396607080e+01
1.032503102891348057e+01
1.034299074728581580e+01
1.023624640321424906e+01
1.040993314176858853e+01
1.005359043846125111e+01
1.035552930496856305e+01
1.024350319618283933e+01
1.033641071807415379e+01
9.928341736952930319e+00
1.025622724070650804e+01
1.040025815116560359e+01
1.021574978961736058e+01
1.043814696555716814e+01
1.040645955453031313e+01
1.027555152599109434e+01
1.049601680546350657e+01
1.038609403540181653e+01
1.051145782482947943e+01
1.026306663187496504e+01
1.043221127652951274e+01
1.039301148762976013e+01
1.032592072121616056e+01
1.040711470537113925e+01
1.046622861989872177e+01
1.043733330290373118e+01
1.049899367568189135e+01
1.040982032694186721e+01
1.031648796405787749e+01
1.043484340511232311e+01
1.038965889624006600e+01
1.030356058793813290e+01
1.024787839197306560e+01
1.034377864094939703e+01
1.027853156289934944e+01
1.047553419229720717e+01
1.021908638642059763e+01
1.044958262989540643e+01
1.045740229076954542e+01
1.029163048911279965e+01
1.034340154248489441e+01
1.034224419333706990e+01
1.020195291505864965e+01
1.044181572386383294e+01
1.040453717036228021e+01
1.023528568305512465e+01
1.029066116810495579e+01
1.028491784853969016e+01
1.032790255107029687e+01
1.049647621743895343e+01
1.032716266760926871e+01
1.011067174287875048e+01
1.035877601248615498e+01
1.037730926726514546e+01
1.027940986606538232e+01
1.036484513702590604e+01
1.028608056912056590e+01
1.036496365720521418e+01
1.028982614349912694e+01
1.061717980563682140e+01
1.052586732424319216e+01
1.046074078681106023e+01
1.004566192902194999e+01
1.026647964210942376e+01
1.024413903381108248e+01
1.024364787678646849e+01
1.035399979156140660e+01
1.019242605512894606e+01
1.033243535552713155e+01
1.020101170902795040e+01
1.028648434157542368e+01
1.041220645533186939e+01
1.030484502018271620e+01
1.043851927797152790e+01
1.016345174977825572e+01
1.042931022739100477e+01
1.031721325634125641e+01
1.037538376860521971e+01
1.038171685988534598e+01
1.023030976774816203e+01
1.020607695387634806e+01
1.037985210665596014e+01
1.032211547081478287e+01
1.023101900618164350e+01
1.033328115070711029e+01
1.043689248537197223e+01
1.034086453595556243e+01
1.039919772700056200e+01
1.032228887313445753e+01
1.037493163214850433e+01
1.018952837413615242e+01
1.039498756493772902e+01
1.029193343133170835e+01
1.028430835327752035e+01
1.034951328257317549e+01
1.035011185209531348e+01
1.036007455504804042e+01
1.040965570216234681e+01
1.032493585853207207e+01
1.050878046953351586e+01
1.024734044014904022e+01
1.039578257305358200e+01
1.039741787978238463e+01
1.017256539757482692e+01
1.033508618675340429e+01
1.026787273933099698e+01
1.018533273010349838e+01
1.021751141084066461e+01
1.024318637509459506e+01
1.025601569865752261e+01
1.041506447076594988e+01
1.022274215125151287e+01
1.045959092484888231e+01
1.051043573463756964e+01
1.016969515480426089e+01
1.049050945852900263e+01
1.043426419814323403e+01
1.037832387280274915e+01
1.048847601270382768e+01
1.031482271974251397e+01
1.043800981953381424e+01
1.014704054060578464e+01
1.051614903363586961e+01
1.028509786028799589e+01
1.024949551801641690e+01
1.037055591688657152e+01
1.021123743975564580e+01
1.030305841654333321e+01
1.038493539364425899e+01
1.045859014879520288e+01
1.043283474532822730e+01
1.044332724090929254e+01
1.010537349809292884e+01
1.038204992011860384e+01
1.035281000243601568e+01
1.042045170898057549e+01
1.047448066490730412e+01
1.020220843012834244e+01
1.039334690710996334e+01
1.028661992449224982e+01
1.037435845408938206e+01
1.036078389158819490e+01
1.029841778683670661e+01
1.029302172213785660e+01
1.038928439578615048e+01
1.027880924941998941e+01
1.038688751342225203e+01
1.020314435863432223e+01
1.040964984318276976e+01
1.029185841408253665e+01
1.049449760519120467e+01
1.018412977731263069e+01
1.021277526708624173e+01
1.021969494169812620e+01
1.051304963855261398e+01
1.043308963106061427e+01
1.029321476893209741e+01
1.012699069445980271e+01
1.042878058129810270e+01
1.043849103710579662e+01
1.035233306795329256e+01
1.028744035625740949e+01
1.040707656841345852e+01
1.041748131090877649e+01
1.033667848880503826e+01
1.039023379258690838e+01
1.031092544270701339e+01
1.037412970439202731e+01
1.047807141706453216e+01
1.029623923834095933e+01
1.036683668222361021e+01
1.043114444859756418e+01
1.025671611222152180e+01
1.017117519897875155e+01
1.031839437066824061e+01
1.029983644013264943e+01
1.021517023724735473e+01
1.034240302020281455e+01
1.037598704955061102e+01
1.037479642060225871e+01
1.035053171582429066e+01
1.022145151402092189e+01
1.031083094565924618e+01
1.029267064386060149e+01
1.032552717728355596e+01
1.023108055015611839e+01
1.040952969917523596e+01
1.027343205591675179e+01
1.024760639602331658e+01
1.039905849389461956e+01
1.041464102198135144e+01
9.960293994633184766e+00
1.023533940645915941e+01
1.034966593546162095e+01
1.034370249736989855e+01
1.028685518832744172e+01
1.032764980395350918e+01
1.028054407314687602e+01
1.022245552588741191e+01
1.024066388380643744e+01
1.036983776080983688e+01
1.036601145193108309e+01
1.027443077258534920e+01
1.033236384302619015e+01
1.028636515315551136e+01
1.018214983590712386e+01
1.028589176930588600e+01
1.033704901081595473e+01
1.036857146722468492e+01
1.030279288901603785e+01
1.033605272972913980e+01
1.023934764192057401e+01
1.026698201007357802e+01
1.044742264217432037e+01
1.038188608411390490e+01
1.033413616206815533e+01
1.045399279964407668e+01
1.033135334739954381e+01
1.026386144143874546e+01
1.030068451071202240e+01
1.026448141632717892e+01
1.037208175203453386e+01
1.010985055967864099e+01
1.022382643450751516e+01
1.041197588262832063e+01
1.020376923533745028e+01
1.025926011896189571e+01
1.037289280503586575e+01
1.037503044667179708e+01
1.032184987829590561e+01
1.024256974592685232e+01
1.035720838134579935e+01
1.022936556587675128e+01
1.034154857714946552e+01
1.034698959945868246e+01
1.026737103688919106e+01
1.031367133178584083e+01
1.042107898204714367e+01
1.020999943987387404e+01
1.013545888242812332e+01
1.035142489469301808e+01
1.027590841319788240e+01
1.026445270972492096e+01
1.019613333526761068e+01
1.036097191776182491e+01
1.017590204819320832e+01
1.038747713785509141e+01
1.006490631720632223e+01
1.029240816709823569e+01
1.024048911044789989e+01
1.036830876072287388e+01
1.028026711091007961e+01
1.026573723172785790e+01
1.030558730452314897e+01
1.035317358818239875e+01
1.039494006509902668e+01
1.034023512606260908e+01
1.046251400117516539e+01
1.013406221691398557e+01
1.035689064493078604e+01
1.041016695165761696e+01
1.017820760342745068e+01
1.029545913501691601e+01
1.013555132788603252e+01
1.027245537147438803e+01
1.032720621285173301e+01
1.025060890652403423e+01
1.033914446204879312e+01
1.011429198885855563e+01
1.032741063937585224e+01
1.010014155144362569e+01
1.022308035443496621e+01
1.034837426369030489e+01
1.036256788384928917e+01
1.028614089770422524e+01
1.024547344120598602e+01
1.041773745558375630e+01
1.032253668830216498e+01
1.024991521291217467e+01
1.038547130485896197e+01
1.034137719491700658e+01
1.026323121049340337e+01
1.025508907725267527e+01
1.030445448446410417e+01
1.037025287641545646e+01
1.026550743822138756e+01
1.023574868103619551e+01
1.020501844204477671e+01
1.034889002858184170e+01
9.995395341643906306e+00
1.041015956593415837e+01
1.003805320297837689e+01
1.030722018146056485e+01
1.034908408288289117e+01
1.041390126813867312e+01
1.046385990274290378e+01
1.030945474645779036e+01
9.926136244772351347e+00
1.019962335320358093e+01
1.032067004224540518e+01
1.017911135167704018e+01
1.044007157139315467e+01
1.022236303840921323e+01
1.027331258166299577e+01
1.029280378987692757e+01
1.033951484003694610e+01
1.025648827566602250e+01
1.037820752333587748e+01
1.015818750586330310e+01
1.012200003287736649e+01
1.022354211473692231e+01
1.019798014714597478e+01
1.043527460484271785e+01
1.026105026303381429e+01
1.013042134417588436e+01
1.036292766737593674e+01
1.022739950188326041e+01
1.030248428260594373e+01
1.036416731918089518e+01
1.024035861113861046e+01
1.022974285556167828e+01
1.027589785766135222e+01
1.032342416457920287e+01
1.029882543122454486e+01
1.021048572294703227e+01
1.034774573193042535e+01
1.046154370196529015e+01
1.027578315725197022e+01
1.038643069751742054e+01
1.018905895891234792e+01
1.023625769087486503e+01
1.022788772226888909e+01
1.004983819564280800e+01
1.032061438149317212e+01
1.034426684835313104e+01
1.014512809132125071e+01
1.014413627133587781e+01
1.040743105179058503e+01
1.033064423706792567e+01
9.909093326196124707e+00
1.037850231637906617e+01
1.003778298270040992e+01
1.027178202756377168e+01
1.020658018020740521e+01
1.023282812315287416e+01
1.024632041973883467e+01
1.024112542470115983e+01
1.022499454350558068e+01
1.016470855246998362e+01
1.024461370899124013e+01
1.021182221246952615e+01
1.024149489395265000e+01
1.029409391435646626e+01
1.025332783679088067e+01
1.031552291576985780e+01
1.029522192837272421e+01
1.028978781729913194e+01
1.025616496108034781e+01
1.003457964731430252e+01
1.019380582538168589e+01
1.033298754101272188e+01
1.026596498295652005e+01
1.020020198580431270e+01
1.017862151151431860e+01
1.043039631187993521e+01
1.000798814235424672e+01
1.021600872008531624e+01
1.029326166926095887e+01
1.013226416141146125e+01
1.021696029522656701e+01
1.034140809556161145e+01
1.029713275791442051e+01
1.034445986071337131e+01
1.009764970204586021e+01
1.017924153785069130e+01
1.013457160622105846e+01
1.029106322685906072e+01
1.027911147683749604e+01
1.031178111674217490e+01
1.024281436862006522e+01
1.014600841862154468e+01
1.023648217498571711e+01
1.012273899092987506e+01
1.014788544753989541e+01
1.027717944732314059e+01
1.033377434231119452e+01
1.019787854901251123e+01
1.035839962176504159e+01
1.020490743406741174e+01
1.039259239411766700e+01
9.997808948221223346e+00
1.020370234487095829e+01
9.965117636963128689e+00
1.020903923554322645e+01
1.027738897298812581e+01
1.029903606693860674e+01
1.042506897882901740e+01
1.014104931435717027e+01
1.015019986531605234e+01
1.026139174036320512e+01
1.018696740469597550e+01
1.026923555885058548e+01
1.017919969347290099e+01
1.019601911133777072e+01
1.032450175514966872e+01
1.032285218046093256e+01
1.032746836565936022e+01
1.009850654730099073e+01
1.019365498683583660e+01
1.020516361088424340e+01
1.026646228808633055e+01
1.016015329270003953e+01
1.029329097854182429e+01
1.005387627227248259e+01
1.039845389124447550e+01
1.018577092060774447e+01
1.026757358673557619e+01
1.026330334763413532e+01
1.027264889734182773e+01
1.014885114069815941e+01
1.016430633632787028e+01
1.015616780342687342e+01
1.017552115030227711e+01
1.028873323865551548e+01
1.008005384578854979e+01
1.032001194852329462e+01
1.025090580506278215e+01
1.015327948181408679e+01
1.023982033793488355e+01
1.014788134932378050e+01
1.043205128595309006e+01
1.026896187950914374e+01
1.023644753511715422e+01
1.015525064091460195e+01
1.010530778341637337e+01
1.027044163071132310e+01
1.030550828663216301e+01
1.030095017701276916e+01
1.024077705951570394e+01
1.028044320053210292e+01
1.019786180960011990e+01
1.007853264981855190e+01
1.026493538211825296e+01
1.026549973476275390e+01
1.015254701070805687e+01
1.015971867072944512e+01
1.017734570105518621e+01
1.017881988329453868e+01
1.024373309910712493e+01
1.016596849859999985e+01
1.008069837113549383e+01
1.027197735936433531e+01
1.010778144665229483e+01
1.018161422475063738e+01
1.008607856710343498e+01
1.005081016265537208e+01
1.030960179865247461e+01
1.018094443898460177e+01
1.027333108783105509e+01
1.019719226790990874e+01
1.007052309968368853e+01
1.025274400822189236e+01
1.010279493826838326e+01
1.027048252958906893e+01
1.025993477603784498e+01
1.017403271050831748e+01
1.006624037339145517e+01
1.007383999914698514e+01
1.022067931041500977e+01
1.004047788160226240e+01
1.016238450798060100e+01
1.026125256092772986e+01
1.034982166649910162e+01
1.023898937214180016e+01
1.017306623736907412e+01
1.009974194263106284e+01
1.009569857441107743e+01
1.018392917105911444e+01
1.027959778878168073e+01
1.024835925434387818e+01
1.018118280618699778e+01
1.015134215175107180e+01
1.018334662665863632e+01
1.023725119912556636e+01
1.018058107743356722e+01
1.008581415068839604e+01
1.018846839358361756e+01
1.016528345908504427e+01
1.020723001441914946e+01
1.032897754187761308e+01
1.013794757658606471e+01
1.008678879109912252e+01
1.033286444208105870e+01
1.018652195512760450e+01
1.024421093147518746e+01
1.029248882115694030e+01
1.018832694854017618e+01
1.023072148871790255e+01
1.017986614136196621e+01
1.018209616120777916e+01
1.012785993417335995e+01
1.018096538455814937e+01
9.951097015352516451e+00
1.018775174451257826e+01
1.036401088874657361e+01
1.021818580034839563e+01
1.026126238963006898e+01
1.015087334184784496e+01
1.002450007574479507e+01
1.011816706155522638e+01
1.017010872412338429e+01
1.019458613623189436e+01
1.021304771057339345e+01
1.031223427814601301e+01
1.016824268469287773e+01
1.023408239878981441e+01
1.023661983597808067e+01
1.012632783005289561e+01
1.025580032751252624e+01
1.022458549337058820e+01
1.009151425767450228e+01
1.015845303126763000e+01
1.020093601128712635e+01
1.017339173729251378e+01
1.011258082516718027e+01
1.019864382449802243e+01
1.021708880402741748e+01
1.002561081214295235e+01
1.015142001147754947e+01
1.012649821226780844e+01
9.960276856322538563e+00
1.023023096898689133e+01
1.020582492906013172e+01
1.030306929118152759e+01
1.015276165107382234e+01
1.017641509223762419e+01
1.014561240184018232e+01
1.008117298710956611e+01
1.026026891530222507e+01
1.013329892472558313e+01
1.005130661662639113e+01
1.023209113614064236e+01
1.027716798645068330e+01
1.023251591696834595e+01
1.018739116395505206e+01
1.008598623200852451e+01
1.011028690067807823e+01
1.001991299209542774e+01
1.021057103298708668e+01
1.027871426410099609e+01
1.007061265961839602e+01
1.008025031283405504e+01
1.018025121240251707e+01
1.030881831380113134e+01
9.900414621882601907e+00
1.010761919294812294e+01
1.008858404567410183e+01
1.030579212134622580e+01
1.001976876380146741e+01
1.008951501069793721e+01
1.013278345845795059e+01
1.004893583938047108e+01
1.012484945449586426e+01
1.014573037353730101e+01
1.010036596697559652e+01
1.018772464042330306e+01
1.005319241023122956e+01
1.023895560436401908e+01
1.012497781766634830e+01
9.990889559502937445e+00
1.005625848955156165e+01
1.012672566519759343e+01
1.021486974196931108e+01
1.026173007190184272e+01
1.011412313470695956e+01
1.001540532446810339e+01
1.017197130058409371e+01
1.017583556917222509e+01
1.020145305980219597e+01
1.012512187671793384e+01
1.016205338914219070e+01
1.007786694241437964e+01
1.018215355174341141e+01
1.011974496914704247e+01
9.996626347844101090e+00
1.019662706267737029e+01
1.020454043440009428e+01
9.924164669023149088e+00
1.014881386560823451e+01
1.001653564013107811e+01
1.016730073382680999e+01
1.009436122693700533e+01
1.019602646477526875e+01
1.021323606851757759e+01
1.014324324769369312e+01
1.021501767870597810e+01
1.002636627758920440e+01
1.005096418343552322e+01
1.009675215466174691e+01
1.008626149353287360e+01
1.009935442239918402e+01
1.008197987745870883e+01
1.012921660831149318e+01
9.948302289537323873e+00
1.008504355936225849e+01
9.971290224895604126e+00
1.011848084825934002e+01
1.012162475611074797e+01
1.006855907563480912e+01
1.011912694254235845e+01
1.016802917998021449e+01
1.013524419538376797e+01
1.019995764093561164e+01
1.030511431640566045e+01
1.011766646589862262e+01
1.015013140144457182e+01
1.026575270457484379e+01
1.003423196604168410e+01
9.943837871080987156e+00
1.009791275731281246e+01
1.012180834325493706e+01
1.016338030046626884e+01
1.023398523633832014e+01
1.002258138192472359e+01
1.006533028143388364e+01
1.003420688564558283e+01
1.005431635765264531e+01
1.004666418675098960e+01
1.012942069266022216e+01
1.008704286122074656e+01
9.977987598322068052e+00
1.011087137841741956e+01
1.002004668595620096e+01
9.947262075245348001e+00
1.008368754999472117e+01
9.993659849259953987e+00
1.005351724908742028e+01
9.992133746911148862e+00
9.842899501014967356e+00
1.016480844334785161e+01
9.934716437441561965e+00
9.990568997991532640e+00
1.003616903417898598e+01
1.005903061061437320e+01
9.953355132362279534e+00
9.930786178780582674e+00
1.002867623894744398e+01
9.947073890599567036e+00
1.001847440282846513e+01
9.927056704032915846e+00
1.014554258272120713e+01
9.884458087114364133e+00
9.961928790772093478e+00
1.005318290300140482e+01
9.941263743560808663e+00
9.907168120895285313e+00
1.020971820323793544e+01
9.894257184871026567e+00
1.010522158626111100e+01
9.945091191544220166e+00
9.817315925521931774e+00
9.968567405324277431e+00
9.947126444152861069e+00
9.770319342340501478e+00
9.610678137749067318e+00
9.941250689677080032e+00
