4.021066242467347962e+01
4.597821113813696314e+01
4.526649225912449026e+01
4.464237798556205661e+01
4.448288857740522673e+01
4.514237122128790958e+01
4.462287711973792170e+01
4.415010721322219922e+01
4.487605954116146023e+01
4.609448640791433860e+01
4.415405559103706423e+01
4.480233682834391118e+01
4.467884103823631392e+01
3.955828304272913698e+01
4.517542728146100472e+01
4.369430428467804717e+01
4.061730423662699252e+01
4.455735144624654254e+01
4.382124417005186956e+01
4.417371450704657576e+01
4.485198533875736615e+01
4.349282389618023359e+01
4.458886631531336775e+01
4.082817495157475207e+01
4.033283756003698528e+01
4.169875419626579571e+01
4.440593597357069910e+01
4.636945387442077759e+01
4.629050835298998834e+01
4.443613481835421908e+01
4.506450601350732654e+01
4.506160632601284988e+01
4.438201178874777497e+01
4.390051840500306923e+01
4.507614239522277444e+01
4.402418158600786313e+01
4.438363220437259571e+01
4.432907217205548278e+01
4.454909267123063188e+01
4.349454400850936509e+01
4.733902299402218006e+01
4.460105666391648782e+01
4.477728940381675216e+01
4.204448490502911540e+01
4.368731259336156825e+01
4.367465122255021726e+01
4.597855448025087810e+01
4.590608047753931231e+01
4.497294462517110247e+01
4.427481468035598056e+01
4.525033605743751508e+01
4.394156647978346086e+01
4.444798838370278560e+01
4.448997241111037226e+01
4.464235836863727513e+01
4.660696954516185286e+01
4.508617713243026515e+01
4.477959649125782704e+01
4.443775610803172071e+01
4.429450350250640156e+01
4.490348864583345545e+01
4.428339222475553072e+01
4.625741126891946919e+01
4.443175375530131532e+01
4.421985172845846535e+01
4.391285545164317483e+01
4.358453758655124943e+01
4.479886195697054774e+01
4.705624016182432712e+01
4.457118779643301565e+01
4.352858917209352541e+01
4.002954231516159922e+01
4.644125667945340297e+01
4.504279012195672038e+01
4.500668179799480839e+01
4.450754826565033540e+01
4.474701297546785383e+01
3.962614815517284228e+01
4.680765334509729314e+01
4.142539446362436450e+01
4.422469385160642474e+01
4.273201843778867470e+01
4.191706281533144107e+01
3.958974644668241893e+01
4.180721935831532932e+01
4.267028102289087599e+01
4.691843079840460717e+01
4.485199246009018736e+01
4.463698647308869738e+01
4.392287519359006609e+01
4.506548063121234549e+01
4.421124200132520343e+01
4.178187046528038451e+01
4.468662167946547470e+01
4.593963857588354216e+01
4.559202194036409850e+01
4.493136890387186355e+01
4.357785474932367720e+01
4.202643438998798331e+01
4.168421653315562736e+01
4.584195383255136136e+01
4.496314050016158603e+01
4.526896256279147934e+01
4.357888969800813328e+01
4.389728076137682677e+01
4.516378704945208256e+01
4.669655098291929107e+01
4.523056509506723444e+01
4.432758469988766592e+01
4.421026780786768029e+01
4.354832100045208421e+01
4.273263379581387511e+01
4.416776671982636771e+01
4.158500730460207251e+01
4.432810726293968173e+01
4.352652388716176546e+01
4.380352081737484582e+01
3.993750619518851153e+01
4.600018988318392132e+01
4.502660591700185932e+01
4.466327005093808111e+01
4.437205596218738890e+01
4.364439264909088223e+01
4.219587707054140679e+01
4.093607387929191788e+01
4.563844792271569872e+01
4.482398343823564346e+01
4.466742136569789068e+01
4.665553770936185174e+01
4.459065469573781115e+01
4.347054505905796873e+01
4.747810942631117825e+01
4.439410130204004190e+01
4.386548210474386167e+01
4.358611600954107246e+01
4.259537087271708344e+01
4.045928168421687587e+01
4.553476444436196857e+01
4.373860677265398778e+01
4.548487649531642774e+01
4.462429111829304418e+01
4.399307229673254227e+01
4.436708847688494473e+01
4.169398471889999769e+01
4.386426538946628995e+01
4.534248368265372164e+01
4.563292926487956436e+01
4.514532961847100978e+01
4.439026135573494969e+01
4.557060624350155820e+01
4.395887160958885431e+01
4.630368586872278058e+01
4.614387203074095112e+01
4.538230170496809279e+01
4.515103106153347312e+01
4.419753211036535134e+01
4.471868031933933452e+01
4.435983327069290993e+01
4.452280074253211239e+01
4.426022302299260502e+01
4.560462650558314834e+01
4.655675316217140391e+01
4.385214554050836711e+01
4.420397593253750301e+01
4.430298308796795226e+01
4.682554912083106302e+01
4.504850295567793950e+01
4.563176019487919177e+01
4.610043686296515375e+01
4.471603012706154345e+01
4.421118594705364302e+01
4.598291439027819649e+01
4.535675036885471911e+01
4.541340143644605831e+01
4.371623849439839660e+01
4.575168884267374381e+01
4.469634568861839341e+01
4.478286942516123048e+01
4.494896584781646709e+01
4.402261230487431476e+01
4.447349505641911094e+01
4.421739338481457082e+01
4.446411570723276441e+01
4.641057804335854797e+01
4.516518460543544222e+01
4.409851759548412531e+01
4.558382248225759525e+01
4.501944694249077372e+01
4.492922821434367364e+01
4.433227706754979636e+01
4.556273735557480364e+01
4.509074018264053763e+01
4.511316737711578639e+01
4.395053515703511948e+01
4.638896448483708213e+01
4.392017810880671647e+01
4.445593284196409201e+01
4.166915471614564126e+01
4.585942365973422596e+01
4.636939330064773657e+01
4.586513333899544875e+01
4.568002930555609709e+01
4.650560793012616045e+01
4.538628207745265541e+01
4.384192103622029180e+01
4.553282714951577503e+01
4.414436630716789978e+01
4.518021451437084579e+01
4.442433293613215994e+01
4.550273757768453464e+01
4.453875761115537557e+01
4.483418520365889037e+01
4.391638487953046877e+01
4.517106003378127355e+01
4.438531229886793739e+01
4.646769308344993021e+01
4.452645984776316368e+01
4.055570629088904155e+01
4.122903746344271525e+01
4.598217362187761381e+01
4.136954255649104795e+01
4.539223432616066845e+01
4.531278656379780756e+01
4.456631618458214206e+01
4.388994655905742803e+01
4.540364368745687784e+01
4.486101335117412958e+01
4.577353911008369636e+01
4.519369075668974034e+01
4.394720500891181558e+01
4.580234880398096209e+01
4.451269606219687347e+01
4.396917130524099804e+01
4.446754899949706186e+01
4.498140515751929058e+01
4.454249079841123660e+01
4.478466510902740794e+01
4.419246666858848727e+01
4.486035721692042699e+01
4.543312905053313955e+01
4.443978919395393490e+01
4.324859231568837004e+01
4.394625742674963931e+01
4.417927033005235415e+01
4.577454037318407387e+01
4.606420468243531019e+01
4.611838525055508597e+01
4.411628236882270215e+01
4.404937174402873978e+01
4.486338876506135165e+01
4.379027079888044227e+01
4.506075288750266594e+01
4.437002674394076962e+01
4.468359361424325726e+01
4.452966975214022227e+01
4.429250664797899617e+01
4.599712899902433350e+01
4.630883374000949715e+01
4.536118469723905378e+01
4.415242385635873745e+01
4.558670012956090289e+01
4.474483378907352460e+01
4.399177870198305840e+01
4.546605097627262637e+01
4.540466220218707605e+01
4.585068373632565653e+01
4.421475273639897807e+01
4.643446275667186285e+01
4.482281212516364377e+01
4.511862619918962736e+01
4.584142149714743653e+01
4.629138309133401918e+01
4.609832984571505676e+01
4.449592685012386539e+01
4.436527180988708352e+01
4.469736254929442509e+01
4.494565803783552838e+01
4.414343725688004838e+01
4.429780324604077180e+01
4.379618176614930292e+01
4.501219260062352134e+01
4.477796550651716956e+01
4.401064603561414401e+01
4.592071643579507878e+01
4.437921616332761943e+01
4.321997992716506332e+01
4.534036894787573146e+01
4.504275569976374527e+01
4.168490395704800022e+01
4.558920293170029225e+01
4.459484787314522691e+01
4.402416481940706205e+01
4.485683629858094434e+01
4.554713218081800363e+01
4.481852982070417823e+01
4.307982440328625273e+01
4.571462493487977952e+01
4.514738334037080847e+01
4.477766139054776318e+01
4.489121063498869546e+01
4.553137612209862084e+01
4.468440616767863105e+01
4.375762396714975466e+01
4.581792175368112652e+01
4.444979089222147195e+01
4.436349795529215356e+01
4.346819915525760791e+01
4.437782324372564347e+01
4.627072567831671535e+01
4.363305543066943670e+01
4.088837437075289927e+01
4.572532098866013683e+01
4.406049740978879470e+01
4.520878753327458810e+01
4.452690792537691067e+01
4.468293354143099094e+01
4.419595610194228641e+01
4.516135752350439247e+01
4.544292110253273620e+01
4.464384673529266934e+01
4.495951976683320339e+01
4.555068037036203066e+01
4.511844887398296322e+01
4.521588794986593740e+01
4.478799924130247234e+01
4.581123879501885199e+01
4.456029711181209052e+01
4.580095341812663889e+01
4.421553197265718183e+01
4.339457623722896074e+01
4.521527289675003658e+01
4.505948503446237652e+01
4.531251536241625644e+01
4.420641988447977155e+01
4.435931211393261719e+01
4.515690748523005738e+01
4.440633854035419859e+01
4.456326862220127083e+01
4.466344157259617731e+01
4.502958253188504045e+01
4.353084462693723822e+01
4.557435933366858194e+01
4.431262263048014205e+01
4.477203501403175068e+01
4.447507793028271550e+01
4.519986866960929461e+01
4.435620319559149749e+01
4.462871294730487648e+01
4.612083092494952297e+01
4.423172512594645411e+01
4.442083779741474103e+01
4.519251381275304169e+01
4.428099226466949290e+01
4.501109799482516394e+01
4.496957075896494160e+01
4.572010286497074816e+01
4.605849906627614132e+01
4.422848865199149770e+01
4.557891640820722046e+01
4.434999131803807160e+01
4.332617337922188483e+01
4.533616672504387424e+01
4.469984631851652779e+01
4.475644447818522309e+01
4.483537437735191133e+01
4.455173159273341099e+01
4.529473737068487083e+01
4.449980166341838839e+01
4.594538244293820384e+01
4.402206628717653558e+01
4.574280892363113793e+01
4.367005426283147074e+01
4.586715641880859096e+01
4.210337680372836644e+01
4.557704875125408961e+01
4.030841692855729974e+01
4.522231141288969525e+01
4.439636000333487686e+01
4.421197937527075084e+01
4.501896965715477705e+01
4.455159081817625122e+01
4.437592742918983646e+01
4.571327056168925651e+01
4.488154269062057011e+01
4.382518947545443666e+01
4.493468980606591856e+01
4.420444115315533651e+01
4.474978452628084113e+01
4.470955129471466449e+01
4.425885360758613274e+01
4.514682386851239215e+01
4.490978986369332659e+01
4.413096732638133801e+01
4.541742472394341945e+01
4.502816797938552185e+01
4.444874597022704421e+01
4.534728847174759636e+01
4.491963911371029639e+01
4.132414201433041967e+01
4.553512280333995932e+01
4.478195414840254784e+01
4.553983951754144499e+01
4.509682694466187058e+01
4.493602986846060787e+01
4.481786783324095325e+01
4.457844272626004312e+01
4.543267297268663896e+01
4.459053184190199914e+01
4.410984507786400144e+01
4.525146297911773985e+01
4.474923271197376806e+01
4.419530568132259418e+01
4.382520083723207449e+01
4.528412082404418726e+01
4.388613539599571567e+01
4.457314979846937320e+01
4.502736506303093478e+01
4.404527050392753296e+01
4.575343207545230229e+01
4.529497753270955229e+01
4.583934792992234719e+01
4.560050552790742984e+01
4.508856895290696798e+01
4.484436666662992366e+01
4.558992811830896130e+01
4.542936990885696247e+01
4.480419309690988428e+01
4.414162435018647557e+01
4.436790334153401005e+01
4.478669762750449479e+01
4.531497339718448103e+01
4.486663690098916391e+01
4.440428702760844004e+01
4.474629551535408467e+01
4.545061623065907952e+01
4.458855425553999652e+01
4.484424706770982993e+01
4.527334755662588606e+01
4.509081004190218778e+01
4.321990514918523729e+01
4.512449471898948161e+01
4.422343917553708792e+01
4.510509388884395321e+01
4.529269642166078569e+01
4.512179808193258879e+01
4.480905884919578597e+01
4.408042242242034803e+01
4.485704751589994288e+01
4.462212879779388430e+01
4.616912924712624999e+01
4.409643367396051161e+01
4.482398723605977864e+01
4.612895850806211229e+01
4.495314659886132347e+01
4.636441916295562038e+01
4.608076948529986083e+01
4.542474643108837284e+01
4.539983511487291423e+01
4.447634313295112918e+01
4.587804923897981269e+01
4.397772893647579195e+01
4.378133032138031666e+01
4.459366058686985923e+01
4.585818280749828801e+01
4.544627081043732630e+01
4.571146092404436700e+01
4.567329717110590082e+01
4.467898265660875978e+01
4.520025208631952296e+01
4.443037127090806138e+01
4.531651439418546801e+01
4.425592057900118448e+01
4.614042924416660441e+01
4.518512485517824473e+01
4.580596229738848990e+01
4.504713062557407710e+01
4.386197481975061407e+01
4.519437920935956754e+01
4.503379875344389660e+01
4.500021519467022557e+01
4.582388468314925234e+01
4.474639224417850869e+01
4.516384956735171130e+01
4.481684207085302774e+01
4.529081827667259574e+01
4.497393798171010104e+01
4.443526938440829355e+01
4.438014054176311163e+01
4.455153463781209666e+01
4.538135140223752728e+01
4.471208053625113621e+01
4.544897208809106814e+01
4.518931267056393608e+01
4.419105322078350184e+01
4.457174141820230773e+01
4.341222684411683019e+01
4.482249593799754450e+01
4.480708512915963126e+01
4.465642677738836852e+01
4.410982541327194895e+01
4.509336449976721184e+01
4.467864471168747542e+01
4.534344017499427792e+01
4.526537622783829562e+01
4.450519191799948970e+01
4.556818187562671341e+01
4.459625269053103125e+01
4.467642163227672114e+01
4.411423155261568496e+01
4.471023976846056058e+01
4.477516127393082002e+01
4.503009083402617563e+01
4.441008779450392296e+01
4.367317196037787852e+01
4.415647850878502823e+01
4.529732590674190362e+01
4.549530074492138709e+01
4.488042357176523467e+01
4.605795206095904604e+01
4.503594639935455746e+01
4.559305602925956435e+01
4.468292723518300846e+01
4.568291619902868916e+01
4.456785938250590817e+01
4.442765924956672308e+01
4.543581094686279442e+01
4.528516875727473945e+01
4.400425868783950278e+01
4.535892000442310490e+01
4.509266541266471506e+01
4.537137378919025821e+01
4.574818440937779229e+01
4.441682966315883618e+01
4.460589154710949344e+01
4.505813594933231059e+01
4.477509752365812545e+01
4.460806423057269399e+01
4.546851870256163863e+01
4.502051348569582245e+01
4.522428307981780193e+01
4.451108552923027872e+01
4.453896264147461892e+01
4.462916997227309679e+01
4.531106897474032280e+01
4.476113850687512752e+01
4.404527963044545658e+01
4.555893516188270098e+01
4.568753936079993849e+01
4.520939307045585309e+01
4.395299989204822566e+01
4.522224462544249945e+01
4.460622964957894254e+01
4.468349548075308775e+01
4.502548022652457149e+01
4.484386993429669843e+01
4.400358863701985968e+01
4.490227571331327283e+01
4.425840408947861704e+01
4.550604249802702128e+01
4.552545130127359840e+01
4.456629487493045616e+01
4.547196875225154855e+01
4.546752656296379769e+01
4.488752544448050941e+01
4.597537687090609637e+01
4.456017163649081425e+01
4.456849797397614310e+01
4.378521773383558013e+01
4.539850182224125774e+01
3.999355062015818163e+01
4.514111596275930083e+01
4.435437727585263445e+01
4.544192083437348373e+01
4.458166675963815351e+01
4.485289592155708505e+01
4.549324622669933404e+01
4.481823359059541900e+01
4.483638686569043585e+01
4.477030657465346053e+01
4.524494684174619152e+01
4.556745575765649647e+01
4.450937340133978637e+01
4.499556868388582132e+01
4.498803345372749618e+01
4.545451330932809952e+01
4.461434122297626459e+01
4.566953318630632452e+01
4.412283561766696494e+01
4.504787743879752071e+01
4.465752748007674455e+01
4.453258205730026731e+01
4.371179001869496261e+01
4.499064945894674139e+01
4.501885086000883263e+01
4.518792669034768039e+01
4.401967449797949428e+01
4.456724660237192381e+01
4.567268958866385731e+01
4.472883489467481155e+01
4.469218945448184144e+01
4.424598290842214965e+01
4.446709572936110533e+01
4.515244524912175450e+01
4.413722858419711059e+01
4.646946562684766491e+01
4.545212633256888779e+01
4.465074295606101629e+01
4.493985094838407690e+01
4.510790777769257431e+01
4.499994175251926976e+01
4.573211558347499306e+01
4.511081736395776431e+01
4.448911436937891750e+01
4.425001435569775055e+01
4.547705540916547307e+01
4.442623422914234510e+01
4.486412691043193490e+01
4.475285535394096570e+01
4.523226244834238940e+01
4.450393037531077312e+01
4.505222827310497280e+01
4.443639170213791090e+01
4.457885897924820995e+01
4.552330498031027162e+01
4.477329590226604239e+01
4.436026101475721362e+01
4.488523590440784972e+01
4.524832650422008129e+01
4.462704202775491069e+01
4.483439289536804040e+01
4.516505301783546855e+01
4.510907749821905810e+01
4.463657678195880862e+01
4.497216774071203105e+01
4.505614003680788215e+01
4.451856151436873432e+01
4.422284837485877773e+01
4.569268354560465895e+01
4.427670023322143322e+01
4.465224634100331969e+01
4.446691688130508169e+01
4.522207761187582520e+01
4.426531574573629513e+01
4.518370883558096551e+01
4.500307347603357755e+01
4.436640062858683109e+01
4.480011162205721575e+01
4.454528114308053688e+01
4.415760388969765415e+01
4.499771999380015330e+01
4.535920581413079589e+01
4.400747406089103464e+01
4.602384852796971160e+01
4.459789082184949649e+01
4.561668031786715005e+01
4.524790888033486880e+01
4.468527313548656821e+01
4.427947271990846190e+01
4.421665592779167753e+01
4.535578817712253397e+01
4.446558140311566376e+01
4.560458937222216491e+01
4.511451956179998035e+01
4.442002121822970651e+01
4.462844314830580572e+01
4.536030409739024805e+01
4.429413831357482678e+01
4.434803905747823904e+01
4.470303355560832870e+01
4.506374354698847640e+01
4.508897972308775337e+01
4.503835480028332938e+01
4.541606282983889287e+01
4.441072068253550498e+01
4.533940450085750484e+01
4.542496540486080647e+01
4.571517174914881565e+01
4.444246148471319913e+01
4.526578975465176313e+01
4.589145455579626542e+01
4.424042552491724933e+01
4.528621154775725444e+01
4.556286139902550048e+01
4.487812971045323707e+01
4.471166460843956258e+01
4.401386614663270791e+01
4.502713674484192552e+01
4.438674173091079922e+01
4.465080520598002067e+01
4.548137241963792121e+01
4.413435741958670633e+01
4.381841443040089956e+01
4.513073875230512044e+01
4.458025914751353014e+01
4.505590409550097775e+01
4.561856158130143513e+01
4.470109499254011354e+01
4.551976142896096178e+01
4.695491165410356871e+01
4.499914576544541944e+01
4.484518847093220728e+01
4.535470301729805698e+01
4.636563422411654045e+01
4.512150720376619262e+01
4.477907035679562142e+01
4.518930448249265197e+01
4.382399862933291246e+01
4.436218121653833890e+01
4.560190865828638351e+01
4.485937115311702428e+01
4.615285863554879597e+01
4.533119525192287824e+01
4.599131392313123001e+01
4.558356359348908882e+01
4.438026927038204406e+01
4.515149046315911363e+01
4.527229366957114820e+01
4.536078875859400483e+01
4.519786942773234983e+01
4.537617138224299396e+01
4.472335656958075134e+01
4.534626969617750092e+01
4.553892823243052845e+01
4.555980266849823579e+01
4.590683117026912186e+01
4.514710008502239447e+01
4.498418734959248866e+01
4.388724319424617448e+01
4.566304400069515879e+01
4.504503086421143365e+01
4.523952346317567219e+01
4.345355545826313914e+01
4.430491865215197578e+01
4.509694039989705772e+01
4.515383885417042364e+01
4.616700024718436168e+01
4.542482736904052842e+01
4.545619422576110225e+01
4.499289986829047194e+01
4.521873143329698053e+01
4.551979279985740590e+01
4.510398114715811602e+01
4.507738379827372910e+01
4.502003737168411845e+01
4.426198173256452151e+01
4.533036288711503659e+01
4.554739074074738880e+01
4.514743744457940977e+01
4.518142188371682977e+01
4.504477510268226581e+01
4.483518936176470504e+01
4.518206844055646343e+01
4.578810650201116772e+01
4.481389790031815323e+01
4.482225959970030971e+01
4.501658751798336056e+01
4.479001214484526372e+01
4.505669377260478115e+01
4.623267611935548871e+01
4.491372119630501913e+01
4.526348216954023940e+01
4.531848680661450146e+01
4.493228734996881002e+01
4.486174857847565534e+01
4.417741785966084933e+01
4.404582231335382403e+01
4.576148818233280480e+01
4.446964428735451236e+01
4.436481945959646822e+01
4.473960878263325469e+01
4.465344148852346962e+01
4.505461528764580237e+01
4.516904346361172173e+01
4.541123969035032815e+01
4.485505093454825953e+01
4.475767440723952717e+01
4.436810519158370880e+01
4.521271860274268306e+01
4.516265322054724862e+01
4.513395393752938389e+01
4.474089599277389340e+01
4.503430214760287242e+01
4.417602372502267372e+01
4.547279481624880759e+01
4.491715476129164131e+01
4.457733768896577686e+01
4.434539259400229128e+01
4.458043019182603217e+01
4.406266638700403604e+01
4.457400628135946619e+01
4.436957932179532804e+01
4.403006956818846618e+01
4.529997272844175882e+01
4.526019520402114438e+01
4.508689709927330114e+01
4.449655205399446345e+01
4.519077585392761875e+01
4.545268300989511800e+01
4.372408184028065392e+01
4.573267738186726206e+01
4.429611361087519583e+01
4.455363325867413238e+01
4.511112921271207199e+01
4.525745886421602648e+01
4.534058285045026082e+01
4.544781593839162070e+01
4.537880140276550378e+01
4.624037165785149028e+01
4.447723519459226083e+01
4.544975223620673432e+01
4.460350039466898409e+01
4.448311675241607333e+01
4.555056206428427146e+01
4.487760637914853845e+01
4.467185856772137242e+01
4.546795869380843413e+01
4.578192067708862112e+01
4.364839073928357038e+01
4.558449605827414786e+01
4.519727653853663440e+01
4.472514649987250834e+01
4.453909439558466943e+01
4.452125476874693533e+01
4.497963861605910552e+01
4.546992072268369611e+01
4.552094277584522786e+01
4.474869058437382563e+01
4.516143436165798164e+01
4.522828659851546007e+01
4.401045572630720670e+01
4.507264532699014836e+01
4.495045852910271833e+01
4.477837488188816195e+01
4.566701542925071067e+01
4.508667107108980332e+01
4.398273261041421023e+01
4.426685130478647068e+01
4.420466093101541816e+01
4.486512988446857264e+01
4.525483052949832796e+01
4.483369525128342303e+01
4.475656780537617152e+01
4.504441175376503281e+01
4.373746758702855431e+01
4.503787929321226358e+01
4.488595103671955400e+01
4.399663418693666728e+01
4.497863162833226625e+01
4.491125547301854226e+01
4.412326099733217433e+01
4.517525985973757230e+01
4.525394804891997325e+01
4.438216307353044243e+01
4.539115945881786018e+01
4.544993829288561216e+01
4.488421554577936945e+01
4.564381913405927094e+01
4.462187846549341685e+01
4.411415367949810928e+01
4.534428684265373022e+01
4.509361565094372537e+01
4.511536302968679735e+01
4.449575625717134386e+01
4.365508800939721112e+01
4.424563063531702056e+01
4.484360138981180910e+01
4.524658901171375192e+01
4.555008780386973655e+01
4.414155854937681767e+01
4.447589810704609192e+01
4.482507962961017967e+01
4.536249456469693087e+01
4.404113016442604334e+01
4.527093606633773959e+01
4.474704970148791716e+01
4.470581336187252219e+01
4.534501173674010488e+01
4.481236758907884621e+01
4.401189703317151469e+01
4.487780773505631515e+01
4.455734232368809700e+01
4.428266504278725790e+01
4.481054208877807810e+01
4.503984290021635672e+01
4.452027379148237429e+01
4.454352578748329705e+01
4.429637349076116237e+01
4.500953265607495268e+01
4.428320625596958138e+01
4.455408528294535131e+01
4.535654874161593142e+01
4.527553228941021501e+01
4.540965713985586660e+01
4.358961812379409650e+01
4.389770401600164007e+01
4.444750337607354851e+01
4.437809688387695672e+01
4.453852243938489863e+01
4.500418094470194319e+01
4.454958802223882941e+01
4.468796760737360785e+01
4.542694921880001857e+01
4.450585529208277791e+01
4.413719904311798814e+01
4.540292930323438725e+01
4.404499205295972075e+01
4.452753671317748996e+01
4.522820575079645522e+01
4.459256452931097670e+01
4.460542379175328875e+01
4.439905684803512997e+01
4.536229998560400389e+01
4.497086442094725811e+01
4.533842512876002928e+01
4.393456028279081949e+01
4.457057357181781043e+01
4.385983299362725774e+01
4.526402712700489417e+01
4.539966464132075430e+01
4.427827486021705283e+01
4.405283634808151305e+01
4.531907994577611021e+01
4.585391450537107261e+01
4.495919720002065390e+01
4.566993136245024232e+01
4.462188269936464025e+01
4.448978060628355280e+01
4.487354936649431636e+01
4.473099027223875623e+01
4.526266275747872214e+01
4.402205665956176261e+01
4.506125899416870340e+01
4.489192899573957618e+01
4.560720672144464771e+01
4.455524678484887602e+01
4.473102226287164029e+01
4.469485631292840822e+01
4.435548000370862098e+01
4.468175794711162041e+01
4.573248472657172670e+01
4.398446564084122201e+01
4.465690745755022562e+01
4.492897479626076773e+01
4.477089493035765599e+01
4.479664309709342973e+01
4.516747579175520144e+01
4.484639482520295672e+01
4.432045030152660559e+01
4.418562226356020517e+01
4.521266429061904546e+01
4.492123588144400514e+01
4.527493705338527263e+01
4.458270856110390667e+01
4.516725703700675609e+01
4.488999223408580264e+01
4.396278474823485283e+01
4.413956885703146327e+01
4.533376736984402555e+01
4.532836533656023192e+01
4.408282931761029033e+01
4.478586088422417077e+01
4.428745829385515265e+01
4.519460575501372546e+01
4.551394251484923359e+01
4.408850286313447953e+01
4.478468589712218773e+01
4.528737859876339655e+01
4.558424218803794048e+01
4.515792614958211715e+01
4.491264803517159265e+01
4.475453019734144533e+01
4.415636722346756216e+01
4.534145471352275081e+01
4.526653064458597697e+01
4.405801853562183368e+01
4.598142894484642085e+01
4.663650544100595141e+01
4.456977780233203390e+01
4.453130310801362413e+01
4.446963655837291185e+01
4.516606486987387115e+01
4.446251499321863321e+01
4.462088963414078790e+01
4.415811270446546644e+01
4.475591705911083551e+01
4.473012610460683192e+01
4.481833363894277511e+01
4.510855713478473206e+01
4.403696857873928394e+01
4.478370361250598819e+01
4.444718877996709239e+01
4.487248755859057781e+01
4.532709489604518893e+01
4.495105416806596565e+01
4.542074361809395810e+01
4.491907809237607552e+01
4.535585625841685697e+01
4.434934607057106604e+01
4.527129010247836760e+01
4.492861677762468986e+01
4.532228802394879352e+01
4.385382587348208716e+01
4.383857007789872284e+01
4.517462171276711302e+01
4.509206149363478744e+01
4.416002291362484300e+01
4.542253624227254249e+01
4.539717254162916049e+01
4.443324766442314200e+01
4.455454955027032327e+01
4.513197760551435778e+01
4.587390836874574518e+01
4.550622804453045234e+01
4.493989166549128811e+01
4.454638724273446826e+01
4.495814998869068546e+01
4.464411920332295125e+01
4.519624790964247296e+01
4.412017663425267955e+01
4.443588984899039218e+01
4.526825312284372416e+01
4.494481347553367812e+01
4.527613609686768825e+01
4.474397438595158150e+01
4.550778744622725469e+01
4.463481850111643467e+01
4.460612993985460406e+01
4.535100705345059424e+01
4.515503311483951876e+01
4.451664906329917670e+01
4.462034612069698625e+01
4.520831284051569554e+01
4.489840852500827140e+01
4.456028944491571053e+01
4.469022243612597833e+01
4.503072360670903862e+01
4.478663140956683719e+01
4.525791635285233383e+01
4.481643649677798891e+01
4.439765021353002084e+01
4.474647669398550676e+01
4.560741562963834639e+01
4.487778089299526130e+01
4.512009981997508135e+01
4.542520044076592001e+01
4.468418771403315048e+01
4.419097981738274683e+01
4.532689810396002628e+01
4.496557329782936563e+01
4.457200541360602131e+01
4.376566681730830766e+01
4.470278511874191452e+01
4.509048325047517380e+01
4.555291499489597129e+01
4.520118206198492317e+01
4.476165874984666715e+01
4.501016886903084213e+01
4.455004926975290402e+01
4.540681120404953930e+01
4.605982275518664437e+01
4.473418146390311989e+01
4.486255554598106698e+01
4.457682202516639336e+01
4.468675192816331787e+01
4.543048124231742690e+01
4.411558237377012404e+01
4.499621034298236566e+01
4.374579108659359861e+01
4.500279427997681125e+01
4.384558252985841165e+01
4.474434225808735022e+01
4.442539161097492695e+01
4.494375113405168065e+01
4.527484023361698462e+01
4.421740413013743876e+01
4.533594012056520484e+01
4.492005027218498725e+01
4.415658093672934825e+01
4.510223363358924331e+01
4.458569548204416577e+01
4.594216575232905342e+01
4.565504654411459740e+01
4.514304759177014859e+01
4.529365306325967566e+01
4.501800622160953225e+01
4.498711098607202530e+01
4.546063927543457339e+01
4.458959271527378121e+01
4.403148266105202424e+01
4.446746701423585080e+01
4.512325337087222010e+01
4.459220525326174567e+01
4.493514871393530541e+01
4.502333766235742729e+01
4.404013159766311247e+01
4.556464467347747416e+01
4.539268977655851245e+01
4.438491062883018401e+01
4.531034335082207321e+01
4.490048337727408523e+01
4.492252421675034668e+01
4.521818169240388130e+01
4.453804437724358678e+01
4.533656124855129832e+01
4.457270500527295809e+01
4.471899335053728919e+01
4.544973245738023593e+01
4.492902250978726642e+01
4.464214771934559423e+01
4.487220555689867751e+01
4.406960338180037695e+01
4.535428432198180815e+01
4.488587200163743773e+01
4.527885088481488651e+01
4.449490147556412722e+01
4.510751255670376025e+01
4.472014145614674874e+01
4.547255859266926592e+01
4.417790399487338249e+01
4.531972928152712399e+01
4.463478268739695665e+01
4.466989074895243306e+01
4.368526477231096550e+01
4.456107146773914707e+01
4.409629168468420346e+01
4.407505724358392030e+01
4.440029677216620030e+01
4.497885767309904281e+01
4.429135978782871064e+01
4.581301074300539256e+01
4.466450930947250697e+01
4.422035667331801534e+01
4.428991512092625271e+01
4.502206147339582998e+01
4.470078038648463092e+01
4.540896740043686464e+01
4.612810523812225938e+01
4.489502930931026015e+01
4.613941641467931021e+01
4.511258546151675830e+01
4.482865613935387472e+01
4.514138120311366720e+01
4.416144833077088805e+01
4.492890321614080307e+01
4.547609529455630906e+01
4.471645941035343697e+01
4.391211510901735693e+01
4.447748069669966497e+01
4.502344324254029573e+01
4.505681376678296601e+01
4.473974897194104727e+01
4.468157084265082091e+01
4.459661696914884743e+01
4.471969503613517105e+01
4.373522494086287082e+01
4.501467725040095758e+01
4.446908744880315112e+01
4.477477863185013263e+01
4.462381929321273333e+01
4.506150083685098195e+01
4.545039994429618702e+01
4.462777060172646060e+01
4.498428713488628716e+01
4.381376571984802126e+01
4.423483592133545983e+01
4.434586562695523781e+01
4.459904557837664640e+01
4.547527549045391737e+01
4.438826695254481081e+01
4.489864523959408160e+01
4.476541611719699176e+01
4.435564416676675847e+01
4.552183772416496055e+01
4.480962449032234218e+01
4.472054067352993201e+01
4.483838641901532895e+01
4.386817987251905038e+01
4.498274842037969279e+01
4.539833183644398673e+01
4.481639398613925351e+01
4.497867152713539696e+01
4.564624993001191200e+01
4.616341175294418520e+01
4.432626179592529070e+01
4.476861437349318606e+01
4.470652221661544701e+01
4.458393734773420647e+01
4.504858447845585800e+01
4.491962387814070468e+01
4.430892451452069025e+01
4.503856802944284254e+01
4.404544843644213614e+01
4.483168139376647332e+01
4.451399446974729557e+01
4.525786740920278106e+01
4.465564852275667818e+01
4.451626664030491298e+01
4.373654284160812011e+01
4.437934410894655457e+01
4.435818911615645277e+01
4.513099354850040612e+01
4.580181356988573071e+01
4.531039415919511981e+01
4.461191087038213254e+01
4.402595757029843782e+01
4.478780940743713757e+01
4.450698362340570924e+01
4.477984460547147449e+01
4.466599373405898632e+01
4.505695371810071492e+01
4.520174100269340300e+01
4.464210499990599601e+01
4.418920948958230355e+01
4.520864345698446130e+01
4.510272364659621758e+01
4.438166384394590125e+01
4.489809804143444438e+01
4.465904757975471995e+01
4.467213287809970979e+01
4.470400035277882012e+01
4.495940856395917962e+01
4.504063462726611533e+01
4.495621604910227376e+01
4.499253162023086361e+01
4.442719644122290390e+01
4.534300932440909548e+01
4.486280220650721873e+01
4.450115032066619136e+01
4.491848273964767202e+01
4.460928818186885536e+01
4.496571307851711907e+01
4.580380735957223237e+01
4.499217337330028244e+01
4.414107753520609378e+01
4.430451941747470102e+01
4.436170581520418921e+01
4.501680439535053324e+01
4.566592870523078318e+01
4.494583019587869188e+01
4.387089166778694960e+01
4.475784117179299670e+01
4.539669637544563585e+01
4.470111867960276442e+01
4.481321712989975481e+01
4.505529138530932443e+01
4.425420480169325543e+01
4.441865586595145743e+01
4.468790370902421216e+01
4.447775809045746342e+01
4.496781531662860232e+01
4.416755155510868747e+01
4.441970822220746129e+01
4.506990314734560599e+01
4.446779744975052751e+01
4.485831968546513338e+01
4.462900875925463851e+01
4.489866442701504923e+01
4.451459189193779054e+01
4.528579342060650959e+01
4.503309301991970415e+01
4.493004410981731667e+01
4.494387794545895787e+01
4.511450010773545216e+01
4.477525475740656447e+01
4.383939924850262315e+01
4.496369698429278827e+01
4.491649538468962533e+01
4.481230907328321678e+01
4.433459910128738812e+01
4.385740634975717001e+01
4.510628904615812473e+01
4.436661950863274484e+01
4.453024152817765469e+01
4.434794814644972405e+01
4.497627911078478036e+01
4.439409006072315123e+01
4.455401598894623305e+01
4.535291683520812711e+01
4.526299872377297362e+01
4.504606607185246503e+01
4.455583799206425510e+01
4.402181830806018326e+01
4.385598334448005176e+01
4.475899526597049771e+01
4.501554548502301145e+01
4.436288895194321213e+01
4.471508733082019660e+01
4.428488762820213509e+01
4.504833533300580939e+01
4.480070906450800550e+01
4.527357421333493903e+01
4.509618617687660702e+01
4.519428370114147953e+01
4.477657836135331593e+01
4.571411656155628123e+01
4.451335351672222629e+01
4.478461105532370112e+01
4.476422581724950334e+01
4.443929677931102162e+01
4.443086451463909015e+01
4.533109838238648592e+01
4.449274817504797852e+01
4.486487071660818771e+01
4.499780399241664242e+01
4.449686109234600906e+01
4.512060654331377663e+01
4.513465096349625583e+01
4.534028914101411800e+01
4.540037736067261420e+01
4.463616085128040822e+01
4.488104677053171088e+01
4.430970091792362098e+01
4.403068113592087940e+01
4.453644653453263658e+01
4.487493293974869601e+01
4.500112290130203974e+01
4.421589411140416814e+01
4.510210153549984113e+01
4.410387549758828385e+01
4.390420278501539286e+01
4.417405726351528727e+01
4.461016334386061288e+01
4.468200817213062948e+01
4.389535488311461364e+01
4.511018120466731318e+01
4.562004252482673650e+01
4.430770929998502083e+01
4.463098617040900251e+01
4.485348890724283422e+01
4.416442569750577718e+01
4.440234611946636534e+01
4.516128241853543557e+01
4.431195146131254603e+01
4.428449058477738731e+01
4.416680712395257302e+01
4.441525960162189790e+01
4.542868343366094308e+01
4.509799856220387682e+01
4.380228493010036317e+01
4.402101079346493862e+01
4.458213959126702264e+01
4.563239412692959007e+01
4.491508741250173387e+01
4.491575815195901811e+01
4.433715585795854253e+01
4.503325255504203994e+01
4.444953911687189674e+01
4.537055894316293347e+01
4.447986772638427766e+01
4.458651185307277132e+01
4.475892159808142168e+01
4.489470671837242577e+01
4.471764576114877343e+01
4.454427130664647194e+01
4.570285740594411550e+01
4.451775972553446792e+01
4.456769359222671767e+01
4.467617030181970961e+01
4.470119174857093469e+01
4.478404933035035640e+01
4.436492220850222168e+01
4.522543286592968315e+01
4.456584437799502041e+01
4.579606433180303071e+01
4.521971433069450796e+01
4.499815254032112932e+01
4.401664844953132416e+01
4.457425945505460163e+01
4.417821994319859158e+01
4.398637996029039954e+01
4.486814899813792579e+01
4.419179959942209024e+01
4.512256644047173637e+01
4.439252365404884415e+01
4.451479007620007167e+01
4.551459421493339619e+01
4.403533286870212748e+01
4.459727996685607820e+01
4.427270201647857562e+01
4.454650884980982539e+01
4.510198741844247650e+01
4.447981487949443391e+01
4.488756481365457773e+01
4.514134279902351921e+01
4.489895213665039364e+01
4.517282921620095948e+01
4.495526268312185891e+01
4.503063866097898682e+01
4.402876089887055144e+01
4.448431893518100111e+01
4.498104025525844207e+01
4.476912315744463200e+01
4.491767236014445785e+01
4.546523452875438664e+01
4.496552943579179384e+01
4.481846828302442987e+01
4.528766856642796057e+01
4.435555260046902504e+01
4.433773220135871185e+01
4.450372161403772964e+01
4.403975047648690122e+01
4.524776576609054501e+01
4.490172354716761305e+01
4.437089649213974951e+01
4.546156939822069631e+01
4.569203149413244347e+01
4.519009310355594522e+01
4.560207835032763057e+01
4.365916804786714067e+01
4.440681120404953930e+01
4.459212818058704642e+01
4.409057987480201746e+01
4.584360138981180910e+01
4.481164924992143028e+01
4.466360533454383841e+01
4.534052736152438712e+01
4.359221237693607520e+01
4.488906147323020690e+01
4.495113352490694325e+01
4.407961996146800487e+01
4.438668663975663975e+01
4.391831161560423880e+01
4.446175658318726676e+01
4.503926724236688273e+01
4.582947818715817334e+01
4.500952274655818286e+01
4.461820488976439947e+01
4.448474297839057812e+01
4.415250763866224304e+01
4.509580248054395213e+01
4.472641067130914649e+01
4.490134233348617698e+01
4.502240792929946878e+01
4.505471353219236619e+01
4.475258058313838205e+01
4.400725496292667316e+01
4.460785875765557051e+01
4.501948568376102600e+01
4.486299318531462887e+01
4.413380137201335174e+01
4.493645511978778018e+01
4.497637538177536243e+01
4.410541185967768740e+01
4.437877599638904513e+01
4.437244283950895607e+01
4.510044088190318945e+01
4.525011117597744459e+01
4.502500713880687044e+01
4.397712876711753438e+01
4.435316395212006313e+01
4.424169601329221990e+01
4.431639952829650042e+01
4.466864667918024168e+01
4.465079954726516576e+01
4.493286113292516148e+01
4.469920544713319543e+01
4.482698473144208151e+01
4.457799395571250045e+01
4.454141038916922213e+01
4.474698395518136351e+01
4.413335266775588650e+01
4.495195741189203886e+01
4.455147560504272519e+01
4.452329814967444577e+01
4.551201813790243023e+01
4.516615124369516110e+01
4.579826599589974734e+01
4.438278866459941696e+01
4.535811140775692252e+01
4.480049664558764988e+01
4.467096167394925033e+01
4.504079602703082941e+01
4.504638935331983163e+01
4.443451210911120342e+01
4.384964321833236767e+01
4.413149333898172699e+01
4.472121869448054099e+01
4.447694479993347727e+01
4.445922803107436749e+01
4.532235553679745266e+01
4.454602941975127806e+01
4.513904518666488030e+01
4.430086409640968981e+01
4.422318780476519606e+01
4.483392544927016132e+01
4.420956659596589589e+01
4.410666161170761512e+01
4.527636264345086659e+01
4.512566237957982906e+01
4.432716762691138968e+01
4.467109184381861553e+01
4.464454710431000706e+01
4.355453683722784319e+01
4.517274416048546470e+01
4.527993552197484206e+01
4.426325570766905315e+01
4.498631724364418716e+01
4.480683234991295194e+01
4.479190946241720894e+01
4.479575642208702391e+01
4.415921455828102182e+01
4.469995295430996407e+01
4.489325532443584876e+01
4.508017404966669517e+01
4.490089397940858618e+01
4.432587812822128370e+01
4.470897112245695837e+01
4.443831857899257187e+01
4.495524584021001147e+01
4.520973224031757098e+01
4.442259558205692116e+01
4.425972061615077280e+01
4.506405612352863699e+01
4.462263325648746815e+01
4.375027173975663430e+01
4.390234230660323789e+01
4.397070732596821330e+01
4.427918122073793938e+01
4.482299487538885074e+01
4.441935643445839332e+01
4.421643906162629634e+01
4.443725860574422626e+01
4.431024047664728016e+01
4.499538188780594083e+01
4.499557635871857286e+01
4.454124947935854095e+01
4.488612223007106650e+01
4.428895671018780433e+01
4.480276375537698641e+01
4.513579722693599905e+01
4.493844970120881754e+01
4.461398659029825353e+01
4.543913835162975801e+01
4.416903145256742391e+01
4.468580438965435775e+01
4.459959729569001041e+01
4.506559822233013080e+01
4.424416816647200079e+01
4.388610577210396002e+01
4.518962370293553477e+01
4.509660805440128684e+01
4.515509159004734840e+01
4.452913616330760505e+01
4.496975813102397979e+01
4.464976729692364188e+01
4.464200568983599737e+01
4.469285719229706899e+01
4.431382050498541503e+01
4.428399311108965009e+01
4.465086971011859873e+01
4.478778051239934399e+01
4.484021952214248330e+01
4.494006321708398843e+01
4.482668289174691978e+01
4.389590876451374868e+01
4.433267749312512507e+01
4.458573163712332388e+01
4.382218333409613109e+01
4.538719363028891962e+01
4.482735043090892901e+01
4.441192387155462740e+01
4.475611602638691267e+01
4.458815634800561156e+01
4.413871412184979448e+01
4.399768944482018895e+01
4.459300173291507718e+01
4.455578799257786926e+01
4.427023120472119189e+01
4.398499285488434651e+01
4.437969919842049649e+01
4.539214297342802951e+01
4.461836772378223515e+01
4.405056800530496020e+01
4.438418668526167465e+01
4.475272694036651444e+01
4.450772766343109055e+01
4.495675069981768246e+01
4.436485881311347867e+01
4.429121216991698873e+01
4.426643741686491751e+01
4.420984471744161937e+01
4.422623831542925643e+01
4.446487695828287912e+01
4.479277545369497915e+01
4.419820969210352501e+01
4.451597728630962081e+01
4.511476655263864899e+01
4.453512206475960511e+01
4.382167200878797075e+01
4.446835766632728593e+01
4.470926897178355830e+01
4.458462722135884349e+01
4.508135990627483380e+01
4.501407948384703417e+01
4.521902821838947517e+01
4.452729538437105106e+01
4.496467049250540526e+01
4.472256581288151978e+01
4.445474355502043551e+01
4.434363190964745627e+01
4.445363654794106623e+01
4.430257576090201610e+01
4.446272707600549978e+01
4.463207343633341395e+01
4.473480449315375296e+01
4.491069906174487869e+01
4.409982957611821774e+01
4.455518120217164579e+01
4.460708658500391266e+01
4.501298471398868628e+01
4.456906322982384694e+01
4.470944946206881099e+01
4.454474039970821053e+01
4.476909299197075853e+01
4.407949556317105788e+01
4.403380812424541801e+01
4.449975759745738912e+01
4.482011908392669142e+01
4.435138607411340672e+01
4.490174259907071530e+01
4.449119174945808197e+01
4.473621013861458806e+01
4.450315515135697808e+01
4.441042945205782644e+01
4.524319430147063770e+01
4.439650535618186211e+01
4.449643338293986261e+01
4.512205052869580868e+01
4.469456887511493903e+01
4.528867672057243965e+01
4.449912656339771644e+01
4.442535927963835718e+01
4.500462715143783754e+01
4.464328401362651988e+01
4.444052906645231360e+01
4.405196548290581404e+01
4.410746312878176667e+01
4.486560980035086033e+01
4.476802291799307199e+01
4.459859399948207681e+01
4.491894382765880778e+01
4.495755563228733109e+01
4.554340479138467401e+01
4.446640931221487136e+01
4.479685336611542112e+01
4.458173177964225431e+01
4.412782232854160469e+01
4.424367428237160027e+01
4.502115794528919679e+01
4.441986426688302458e+01
4.442450352668777214e+01
4.444875227789906091e+01
4.403227095488026777e+01
4.446981944072035020e+01
4.424449999516125587e+01
4.483847458497232452e+01
4.440667720252159256e+01
4.460853726050797263e+01
4.452419735122668953e+01
4.503960024596354828e+01
4.401935734006465850e+01
4.429409843280735259e+01
4.384213234691831218e+01
4.387443955380492611e+01
4.452952612931255771e+01
4.401551372111453020e+01
4.397014890815921007e+01
4.381525237315872090e+01
4.429756336566261155e+01
4.405422208706329457e+01
4.437807567762574479e+01
4.424802476831147402e+01
4.416212529396353403e+01
4.421340390341539006e+01
4.504807017588935736e+01
4.405092398994874969e+01
4.518512650864133207e+01
4.433704515906436683e+01
4.466557661548085179e+01
4.413467324986573459e+01
4.473248472657172670e+01
4.468434069550372101e+01
4.379562265644269559e+01
4.557430804751975018e+01
4.399916352628865468e+01
4.465585943779809952e+01
4.459140990541503413e+01
4.501557724660847981e+01
4.446619642360712987e+01
4.403248014185587067e+01
4.451631446159910155e+01
4.491920316533182245e+01
4.445741046887903991e+01
4.442647047661750292e+01
4.456704626747837494e+01
4.461581390995343810e+01
4.496412075606083647e+01
4.520189056847773657e+01
4.441180713640535060e+01
4.389714921192116748e+01
4.500060733418391123e+01
4.415786805481376831e+01
4.421411905916097140e+01
4.507488464618041490e+01
4.485779299545761489e+01
4.455338972045034751e+01
4.400308856260030410e+01
4.473622594312558931e+01
4.454208614156132739e+01
4.485359889338756290e+01
4.502217698940900448e+01
4.474395977417291448e+01
4.387871268313729445e+01
4.491372428515948201e+01
4.528933798704457558e+01
4.483537807685981846e+01
4.422985565335902436e+01
4.480120964142928841e+01
4.478189138757266363e+01
4.381750947741628721e+01
4.435410843914740298e+01
4.416635501783072471e+01
4.431921353337097003e+01
4.426206484158228704e+01
4.428324187317872429e+01
4.425929987318082226e+01
4.403171812248884720e+01
4.481406501214372895e+01
4.445639525133086067e+01
4.461041927674212815e+01
4.384747912554393423e+01
4.480007952134987903e+01
4.492128445277474214e+01
4.517696487752138523e+01
4.506692218916314374e+01
4.469536934090350400e+01
4.412257789821978093e+01
4.546963999349282659e+01
4.416533518968181937e+01
4.440078913591392507e+01
4.484619640437483667e+01
4.516397978407805880e+01
4.453197764840881945e+01
4.518162528628339913e+01
4.506749704164901971e+01
4.431217242009721957e+01
4.487401330390920862e+01
4.524317983598167814e+01
4.402419595686479425e+01
4.409307845978986506e+01
4.451056845706756349e+01
4.463893495100177233e+01
4.471946754745172825e+01
4.456569364952674306e+01
4.400454696828945345e+01
4.435206657822718768e+01
4.464800932676548229e+01
4.517736231478002651e+01
4.507895961068588520e+01
4.438624253701462408e+01
4.445626862492365206e+01
4.471384649069370454e+01
4.432762638516436482e+01
4.435396723323090384e+01
4.475345441358912524e+01
4.461278447436060191e+01
4.420915690186259894e+01
4.482661494889520526e+01
4.437895380982026694e+01
4.457888368798694501e+01
4.444773285128822238e+01
4.460882344922632115e+01
4.455898340218219289e+01
4.447324218018702169e+01
4.410825922213296479e+01
4.473834596344838133e+01
4.410676658575851405e+01
4.392468005323649294e+01
4.424775574632704433e+01
4.520630494198142912e+01
4.469304617250381284e+01
4.402423188192680215e+01
4.527864163090703187e+01
4.409933628497569913e+01
4.498462046158340399e+01
4.458500203709044030e+01
4.446688058430400048e+01
4.416222639889358703e+01
4.460730368235453369e+01
4.484435941914802015e+01
4.481426701500128473e+01
4.523297537737635565e+01
4.485765946585665631e+01
4.352622696612135655e+01
4.401134230144089798e+01
4.467918148087213837e+01
4.414408471124129107e+01
4.436350124488266999e+01
4.381306526983109961e+01
4.467276114473063586e+01
4.421249820856309753e+01
4.452702984295194710e+01
4.452888298452506888e+01
4.475714050712969794e+01
4.399701427323264369e+01
4.438156077354794604e+01
4.374206888608198085e+01
4.456220127466973935e+01
4.462655642967053637e+01
4.401263803468651048e+01
4.372276100001499088e+01
4.440026251752215103e+01
4.463738935831886323e+01
4.393900957707379007e+01
4.450634170195336026e+01
4.418039006694111492e+01
4.453434438168793008e+01
4.492258475023829334e+01
4.390644813360047749e+01
4.438556041830061361e+01
4.459664581619224322e+01
4.431057751559013980e+01
4.392335581353076179e+01
4.467201595360450739e+01
4.444005863508058241e+01
4.422070414915611991e+01
4.536102371838466496e+01
4.467127380018797567e+01
4.476414082653590043e+01
4.409338696635612820e+01
4.454461179286108319e+01
4.482664514703045455e+01
4.568389941757784101e+01
4.494985638761021107e+01
4.515558388708337390e+01
4.466729553873528857e+01
4.469285924687187617e+01
4.382186287222808119e+01
4.473458478486048762e+01
4.433006573447769938e+01
4.411181488427415331e+01
4.467834155779311800e+01
4.485348181040594540e+01
4.484006583880103136e+01
4.379712009950434037e+01
4.419630753681109070e+01
4.503124707188581510e+01
4.481640944503479318e+01
4.430987340153021137e+01
4.456760793195707748e+01
4.421195605982470056e+01
4.471255350171942666e+01
4.466623846117796859e+01
4.487740157156073195e+01
4.421039106664049001e+01
4.424310750130874226e+01
4.437509546760259127e+01
4.438193192274979282e+01
4.428870537896438009e+01
4.436506099023532812e+01
4.422545245531814828e+01
4.423319746533891106e+01
4.408856482259082554e+01
4.508373865568954386e+01
4.441632312254483850e+01
4.422136784734981063e+01
4.424627457554306886e+01
4.465249950013721758e+01
4.382716573461506471e+01
4.454881150663012335e+01
4.475961058825216554e+01
4.491416267959239406e+01
4.463739636171307978e+01
4.414129341734558665e+01
4.569244094049875571e+01
4.436618926655995665e+01
4.501947357748530720e+01
4.452287595970913259e+01
4.456831395335172630e+01
4.451265717437911462e+01
4.401511769896530524e+01
4.389629799080227457e+01
4.390336529053048054e+01
4.481470565908377779e+01
4.478349104688346216e+01
4.471528541958390690e+01
4.446275325188469196e+01
4.453488639349320977e+01
4.488793208728353079e+01
4.457304219622925956e+01
4.395898016685671905e+01
4.458553176047056610e+01
4.489763350220347604e+01
4.465623849163956294e+01
4.499868880839226648e+01
4.527303841130601825e+01
4.474112861884871251e+01
4.482265977454356687e+01
4.460054682384850366e+01
4.482342479650512956e+01
4.472686069405354203e+01
4.362812548791332290e+01
4.521416236410747302e+01
4.436872534752575348e+01
4.452022869725461618e+01
4.474724506797555534e+01
4.424608781619897258e+01
4.443178936204224527e+01
4.421879723305688259e+01
4.433705914363965661e+01
4.434747623983039944e+01
4.471425104507869719e+01
4.430102999566398125e+01
4.471222989771156620e+01
4.465624463875412431e+01
4.509996639029910170e+01
4.456704901241636918e+01
4.401001299642305042e+01
4.446142239272491281e+01
4.481505082820628871e+01
4.483296300490307118e+01
4.485124764860413649e+01
4.440968178836927649e+01
4.450920487433340611e+01
4.418912594416253370e+01
4.476471016463607100e+01
4.481705822225806202e+01
4.462814098893402814e+01
4.343679851023180305e+01
4.417060378731080306e+01
4.381234808468965980e+01
4.462792213483522374e+01
4.433915406607421517e+01
4.465498938277541185e+01
4.350280362081938534e+01
4.414643180893513374e+01
4.489347544656731515e+01
4.437217098672308424e+01
4.493939407347446746e+01
4.422428005799764605e+01
4.414567740911137861e+01
4.408079892029847713e+01
4.460285441570530907e+01
4.450759626968647353e+01
4.472137841463209185e+01
4.355054923397742783e+01
4.396529085839969042e+01
4.432701499728462124e+01
4.386295846814110888e+01
4.515512879744431274e+01
4.430162974341011051e+01
4.426662522285104018e+01
4.450906294739024105e+01
4.439506390941578928e+01
4.421081830087776154e+01
4.479680080840331158e+01
4.457051026343533806e+01
4.432421644169614439e+01
4.436706237595372926e+01
4.447414487711397157e+01
4.455692458597864913e+01
4.414880584108576755e+01
4.442465309566572529e+01
4.463351085530340612e+01
4.404020547336654801e+01
4.479604003107662891e+01
4.482027998907438615e+01
4.438259142778197486e+01
4.452456604638651783e+01
4.397471976115207326e+01
4.476098617621716613e+01
4.449143602359247041e+01
4.425662098507480380e+01
4.493154681928469785e+01
4.404724874840378845e+01
4.409970882192049402e+01
4.520493115273195173e+01
4.485849510695375386e+01
4.495045285242169086e+01
4.424616971287540679e+01
4.376854965484588433e+01
4.414599959141246899e+01
4.469131867205000219e+01
4.518451098555959078e+01
4.418347155290868500e+01
4.395371039442657946e+01
4.433171113158486065e+01
4.422505748314995344e+01
4.481176254532375225e+01
4.443620902422266994e+01
4.444020202362428762e+01
4.366303354783804735e+01
4.445401506311804951e+01
4.416659148317364014e+01
4.377780502740459667e+01
4.462615893567886616e+01
4.424602746139576936e+01
4.484743594939577349e+01
4.416526769285560761e+01
4.423704225854319105e+01
4.372216173182557952e+01
4.453684765015916724e+01
4.408220317235694807e+01
4.485887728037236144e+01
4.426004216781740297e+01
4.367876676295224314e+01
4.452593814004545436e+01
4.439181435532032083e+01
4.435636597087368926e+01
4.395008370890480620e+01
4.429447650961076732e+01
4.377546714504487113e+01
4.439509551779063656e+01
4.436849885474336475e+01
4.369646745054658510e+01
4.425777370168514580e+01
4.457562606695240959e+01
4.439215837130245745e+01
4.425291951721948891e+01
4.427081799012631791e+01
4.407683886672849383e+01
4.410401502931272688e+01
4.442178613961512923e+01
4.426401196022694506e+01
4.372950293186440263e+01
4.456395270043532975e+01
4.485678699975539274e+01
4.463452133398109112e+01
4.447548736498948330e+01
4.492644144821767327e+01
4.454662035299730860e+01
4.480663871630832062e+01
4.364174229271016969e+01
4.446796041802029009e+01
4.452643648986762059e+01
4.460629234837297474e+01
4.427567056833085957e+01
4.453168294506213698e+01
4.424013864224234993e+01
4.479822166882832590e+01
4.440830524702094806e+01
4.429324719920133901e+01
4.443275712143267953e+01
4.368355740714114432e+01
4.407117323546152221e+01
4.414987773700803331e+01
4.432553600768756752e+01
4.458928965295142888e+01
4.387443617251567218e+01
4.490873192894629540e+01
4.462085689700490576e+01
4.413401718068687529e+01
4.391110633769634575e+01
4.469294450315583589e+01
4.379147581836529923e+01
4.478175746748159014e+01
4.411540574253000102e+01
4.455518895977893834e+01
4.437367425151619216e+01
4.480663476370303755e+01
4.482588578177082894e+01
4.453927000557746396e+01
4.469716984419972761e+01
4.449110920439891714e+01
4.426915745577831984e+01
4.463001788306606699e+01
4.427404334055517410e+01
4.383672260858574532e+01
4.432039581242550952e+01
4.453515825372002723e+01
4.379999524570247615e+01
4.416865722797261640e+01
4.477613760810383070e+01
4.404131670863263537e+01
4.487740157156073195e+01
4.449838209624938656e+01
4.457779784925205746e+01
4.486047944469344628e+01
4.344483474678651902e+01
4.427331786662872304e+01
4.447422136269600657e+01
4.436670006356187912e+01
4.450414062267387294e+01
4.415766378120839875e+01
4.393536917022989741e+01
4.419364211876865767e+01
4.413441131276772467e+01
4.490327670613634581e+01
4.424895789788046585e+01
4.417233736388980958e+01
4.448741791404312806e+01
4.434584278696176085e+01
4.436332137737341696e+01
4.465843028117344460e+01
4.412143445377346040e+01
4.441148325283200649e+01
4.489416745671445597e+01
4.403572721415297053e+01
4.453262885831595952e+01
4.436662277466372473e+01
4.353733658354414615e+01
4.485045153435400778e+01
4.422589674638697232e+01
4.464198721103813483e+01
4.459117173082430696e+01
4.403234853034457785e+01
4.432103230279165729e+01
4.442960163205756174e+01
4.450029009542994629e+01
4.458181735236104970e+01
4.466874008098176319e+01
4.389388625848985725e+01
4.378443637428745205e+01
4.527430733872246549e+01
4.415407157553916306e+01
4.468448576854711263e+01
4.408563065527332014e+01
4.397130019737612372e+01
4.458960118494572100e+01
4.400211944423690369e+01
4.389384745823534217e+01
4.458640226088419922e+01
4.434283686442222461e+01
4.445125190153955685e+01
4.432669167463303950e+01
4.442605577237060999e+01
4.461820549974355288e+01
4.470799847468299504e+01
4.505365176074600697e+01
4.467667654938686184e+01
4.463485959518854429e+01
4.354573040792797656e+01
4.367893492523816690e+01
4.468098370755214432e+01
4.471715014214112216e+01
4.445786601423865392e+01
4.455997149804978363e+01
4.518617848750727006e+01
4.441962439729103806e+01
4.407392665659339315e+01
4.505227991402001919e+01
4.498146330201894472e+01
4.377382907469596773e+01
4.418250448925549279e+01
4.383260572627165885e+01
4.407880334255137456e+01
4.388982908692203466e+01
4.421672819245509345e+01
4.452707649371028253e+01
4.404718060453841844e+01
4.431995359247650867e+01
4.367990655025879221e+01
4.485626902393840254e+01
4.466965836672184764e+01
4.450868084721503948e+01
4.365779484243066122e+01
4.439045514056857655e+01
4.498815838337202422e+01
4.465117682208684613e+01
4.451763056366495874e+01
4.415753165659494783e+01
4.453493590245753353e+01
4.404951185433273508e+01
4.496460730821358709e+01
4.395332991271381218e+01
4.442958185563477969e+01
4.413340854832664206e+01
4.422295295966819850e+01
4.392751401753807983e+01
4.384957877445015129e+01
4.425345527929836464e+01
4.371775151058082542e+01
4.454731390706639615e+01
4.459968005652476108e+01
4.470874933449623256e+01
4.429453177897869409e+01
4.433819969990893384e+01
4.443770897147841481e+01
4.415571660550322974e+01
4.543675590128371056e+01
4.475693846332393377e+01
4.452911744212011058e+01
4.455092828096366731e+01
4.466076373058410809e+01
4.454798125990065216e+01
4.441759804919069410e+01
4.396815879837567564e+01
4.498751252636920128e+01
4.467621833799005771e+01
4.464266290801937487e+01
4.508449811258758189e+01
4.443090864438889298e+01
4.452749462185742857e+01
4.452013696573234114e+01
4.392760976081225976e+01
4.357941025081096598e+01
4.452007732985106259e+01
4.448161643019012246e+01
4.382297584249469935e+01
4.470711759682774300e+01
4.436947550586382505e+01
4.380044452696228063e+01
4.450643165965617953e+01
4.397426322245346597e+01
4.471785771918121810e+01
4.536891923552216355e+01
4.509407469832073900e+01
4.416826033503579652e+01
4.426629890933134703e+01
4.416878086075337251e+01
4.439255134554692717e+01
4.381497328600514862e+01
4.431488633116879328e+01
4.450110878760171573e+01
4.408258441174951514e+01
4.440636735181236361e+01
4.390210759911353477e+01
4.417804014972830373e+01
4.440289024838044440e+01
4.445091490563937953e+01
4.390361512770696351e+01
4.419018463479552850e+01
4.475505974742665671e+01
4.471730990876463352e+01
4.473453439021962197e+01
4.436658793573358395e+01
4.422679147837326497e+01
4.413989193136011124e+01
4.474268528993791705e+01
4.404178616895690368e+01
4.424822356576468252e+01
4.398455224229538629e+01
4.431070879085322645e+01
4.437947518767570898e+01
4.436991006955201300e+01
4.459684897331359110e+01
4.393636717091136035e+01
4.402143522713328139e+01
4.395917216326708399e+01
4.418102313843109386e+01
4.378063845903454876e+01
4.416054815131492717e+01
4.431195022659010618e+01
4.399149472957216744e+01
4.408012772716785577e+01
4.403653112899805677e+01
4.367729668477230121e+01
4.456472057146299903e+01
4.395746626898406362e+01
4.417515836060606205e+01
4.434313804988937591e+01
4.401587032084413664e+01
4.398062738752078360e+01
4.407485267616948477e+01
4.466069846697376278e+01
4.424955986631818661e+01
4.429938339637613609e+01
4.431229827930896903e+01
4.457261761791989585e+01
4.437093206508697563e+01
4.409780654451628834e+01
4.463982961209117661e+01
4.479139804393184932e+01
4.469522734800110442e+01
4.421667591709309164e+01
4.409594056906332327e+01
4.546272271320557934e+01
4.482267120269411720e+01
4.330430332618698230e+01
4.375635173791346944e+01
4.467186719308254084e+01
4.381044022908224633e+01
4.442796089780105717e+01
4.368164832948810528e+01
4.445424913208184137e+01
4.456096570195612827e+01
4.402836254620195433e+01
4.391760195395087152e+01
4.418489992553207202e+01
4.412166032182297926e+01
4.433878162518026755e+01
4.471635091281446961e+01
4.455344495330023591e+01
4.475186778569487700e+01
4.363612222146917219e+01
4.452616966864929537e+01
4.506560693151683950e+01
4.497118385267288687e+01
4.375185792108273120e+01
4.460384982035978396e+01
4.431169950521971401e+01
4.395765614402900923e+01
4.390291268775212785e+01
4.366280682398576118e+01
4.415164944233391253e+01
4.444848998167447718e+01
4.412457646245602660e+01
4.469329972867148371e+01
4.377528449792940535e+01
4.500901954143211725e+01
4.459192733878139592e+01
4.447465792239876947e+01
4.380775191800398716e+01
4.365617645679603243e+01
4.410974084537853201e+01
4.408862470833062730e+01
4.463872845253371935e+01
4.483720915940865126e+01
4.444788998089249787e+01
4.496821601893157805e+01
4.415976706796993767e+01
4.441097338313446130e+01
4.458967154198872862e+01
4.412647503924767278e+01
4.417955179116518849e+01
4.416996046907254225e+01
4.411019102902292843e+01
4.424284410131097900e+01
4.421474655864611236e+01
4.430980019743140019e+01
4.449879825569286140e+01
4.443288144473666534e+01
4.450323623339675549e+01
4.415990026670795743e+01
4.428694589974150375e+01
4.390435430952070561e+01
4.451705270922379043e+01
4.428717602902499095e+01
4.426826404608657839e+01
4.423644618209019086e+01
4.391654142020858842e+01
4.415117948173110562e+01
4.372668397198319212e+01
4.318138686218738087e+01
4.357455227728348746e+01
4.436918230816153397e+01
4.442622568767001923e+01
4.435000941642223182e+01
4.433225350160272171e+01
4.392791480170865981e+01
4.437168595713301045e+01
4.433275518002396609e+01
4.386031879537178213e+01
4.373632587010028061e+01
4.405753969079174226e+01
4.433755879662319899e+01
4.460567123117466082e+01
4.392683123506723319e+01
4.412516721921831930e+01
4.355942849813988005e+01
4.452821412264570711e+01
4.416555145499730628e+01
4.436509267433365977e+01
4.437309008792330189e+01
4.443828442665708423e+01
4.411208493749132487e+01
4.437487120537052476e+01
4.385614913198820375e+01
4.432481020318990517e+01
4.393346072414115611e+01
4.386597887109103766e+01
4.416752745002075642e+01
4.453700284504019180e+01
4.465614571552710999e+01
4.437817427790768221e+01
4.406189848511024820e+01
4.457186563140233204e+01
4.458375381252149339e+01
4.431977900367728296e+01
4.416052890381421037e+01
4.421688190706062471e+01
4.401544774249587277e+01
4.337307614414647361e+01
4.355411568396561961e+01
4.378618003098778644e+01
4.422464101671773307e+01
4.542750976623675996e+01
4.479761272125575289e+01
4.423000926529054766e+01
4.445230333145862289e+01
4.385668838531267255e+01
4.443389713127231033e+01
4.433981114962681858e+01
4.444494202556182216e+01
4.356169301681687500e+01
4.427796386283216634e+01
4.369064959522645353e+01
4.377758955430070387e+01
4.462141127650784966e+01
4.421492722162022204e+01
4.395176502836793020e+01
4.369354595731666535e+01
4.432639677590009342e+01
4.459301142918874916e+01
4.422740244515539132e+01
4.388363991809679021e+01
4.405704699393034218e+01
4.438384466467044120e+01
4.429205188661202897e+01
4.381360627222653648e+01
4.426735784894275127e+01
4.412569461182905428e+01
4.462796030806789105e+01
4.545262764218657736e+01
4.497741428441948841e+01
4.411403294856395263e+01
4.399963265693293124e+01
4.406510150976739482e+01
4.419197215943710688e+01
4.422264367953368236e+01
4.427039563891478480e+01
4.463978898563619424e+01
4.429597144327363623e+01
4.445526493459971107e+01
4.416200323941776418e+01
4.441344933152382168e+01
4.431208849368804437e+01
4.356534174619608990e+01
4.491143871505147445e+01
4.387930490525840099e+01
4.549137966483196038e+01
4.448571646110154632e+01
4.446100122659638743e+01
4.414165724685307879e+01
4.381234028268870873e+01
4.463107263606460862e+01
4.427732247869589344e+01
4.318250448925549279e+01
4.410431785821501904e+01
4.321465851611804254e+01
4.452840168785541408e+01
4.478179095137605259e+01
4.340817764179782756e+01
4.372908210315863897e+01
4.431479556772695361e+01
4.515744531346631874e+01
4.333414178746362921e+01
4.412045305321223765e+01
4.365763388773096665e+01
4.460681490406790317e+01
4.403925567515388906e+01
4.308786416578668366e+01
4.450990990054120999e+01
4.373204565954434742e+01
4.431246356834956401e+01
4.402039511015731676e+01
4.413963863206252825e+01
4.351713046809928898e+01
4.446628643802860381e+01
4.435195173346267694e+01
4.414459508294117285e+01
4.462331379971124079e+01
4.376156536256516461e+01
4.393481634831928773e+01
4.416079654249941910e+01
4.399570681012838946e+01
4.341458358399410145e+01
4.461708168611156111e+01
4.362052210910673011e+01
4.439606813431032606e+01
4.381501593592908250e+01
4.411643733978053206e+01
4.391960254744530090e+01
4.414152016096666387e+01
4.407853924833045056e+01
4.365862206549702762e+01
4.338666584882558652e+01
4.296532925901327360e+01
4.408467943465523575e+01
