1.101933661793940900e+01
1.099488829179644256e+01
1.059430096214445527e+01
1.084399719587840316e+01
1.058756836911832266e+01
1.065406008780351321e+01
1.115207278772026456e+01
1.053148281820934606e+01
1.050606136575890126e+01
1.109991064140770867e+01
1.027050214769300496e+01
1.066621619650933184e+01
1.083651684312388142e+01
1.099832954981283528e+01
1.072999029523272441e+01
1.003006166592698278e+01
1.116297088832771500e+01
1.076090979198351683e+01
1.064983781124742279e+01
1.072918195723778467e+01
1.073552072995485496e+01
1.129301231069800338e+01
1.076948416383169871e+01
1.057288726312343741e+01
1.109711452496664208e+01
1.103456749091521338e+01
1.117761169696641410e+01
1.084182505224788073e+01
1.055071578734485449e+01
1.125213983450750810e+01
1.036934789617143338e+01
1.117666159965003736e+01
1.070195376788307762e+01
1.119560348378703196e+01
1.077150906407403319e+01
1.063118843139906211e+01
1.136635525894097221e+01
1.100881115361657336e+01
1.083553444890152484e+01
1.104872801215804223e+01
1.088327395038647438e+01
1.079459137865553942e+01
1.102521550930334193e+01
1.078632942716696874e+01
1.104156642455818549e+01
1.066485011346292744e+01
1.108829008624168466e+01
1.120274745420017304e+01
1.097844471363741903e+01
1.081560158341082456e+01
1.096374633633664430e+01
1.101232134453702116e+01
1.108434281619816986e+01
1.109297518280924777e+01
1.093794027634743493e+01
1.090965883823053240e+01
1.104825947979044898e+01
1.099426454447440626e+01
1.070015316817934625e+01
1.107731020106534814e+01
1.105496049199797959e+01
1.087288283548616263e+01
1.062338017289012448e+01
1.104462411957686285e+01
1.092539005653338258e+01
1.060906643701482999e+01
1.107654114215486096e+01
1.114479848265020934e+01
1.057781390414343647e+01
1.114912317128456465e+01
1.074427425091908717e+01
1.044217067614576955e+01
1.118878878587706183e+01
1.080563182096161512e+01
1.076129073890937882e+01
1.083050974435128744e+01
1.094477163522558705e+01
1.054563750610183348e+01
1.089524424512292100e+01
1.069842478885234982e+01
1.096542309594105014e+01
1.115802018430595943e+01
1.100564751089550519e+01
1.043014504549037724e+01
1.105087419916701030e+01
1.083931705653895605e+01
1.085589380077063915e+01
1.100675699289291565e+01
1.016974393950754774e+01
1.094115407203130808e+01
1.074413860710503776e+01
1.089491201400958786e+01
1.047946866367720453e+01
1.042516577569150726e+01
1.104629724781909594e+01
1.071860104258668933e+01
1.095487430676925378e+01
1.103243858313896020e+01
1.090493844136785917e+01
1.100637450467915457e+01
1.089456166085146016e+01
1.083681397392848211e+01
1.094505305262967632e+01
1.097300109238807586e+01
1.024602130578159453e+01
1.083385374043415261e+01
1.080452529851871013e+01
1.092274112948350862e+01
1.069033254826671353e+01
1.119833033505901199e+01
1.074324421222959636e+01
1.073879146482426883e+01
1.076891646806035574e+01
1.095612278417378249e+01
1.021470796970460349e+01
1.099041629667831188e+01
1.107408210899850509e+01
1.084752449139341657e+01
1.066395761901587669e+01
1.091330926680846503e+01
1.029079682688903219e+01
1.083627508305962195e+01
1.067854454766217920e+01
1.101634408487259797e+01
1.077562450202507094e+01
1.092502654994564004e+01
1.063301004372404002e+01
1.040302598389219035e+01
1.081814451636251029e+01
1.047608355011778869e+01
1.087030301882549566e+01
1.090657193169664119e+01
1.073856241226174646e+01
1.063149018276342694e+01
1.080003211528213569e+01
1.063749482484526787e+01
1.093565503711518971e+01
1.069308705052714537e+01
1.068615967920917953e+01
1.076497399634120100e+01
1.096698803233187292e+01
1.086108184892549033e+01
1.076585172423206238e+01
1.063221675594925664e+01
1.069904755571338306e+01
1.051057183365700354e+01
1.075195713834349931e+01
1.084235645206073784e+01
1.056137436154687137e+01
1.072001285526947534e+01
1.086748220132074394e+01
1.066521845310242433e+01
1.072347375542804748e+01
1.070206585121689180e+01
1.066737693075443971e+01
1.080543787985608084e+01
1.078777642643263057e+01
1.092808977439677598e+01
1.078642551016279860e+01
1.099539374681806336e+01
1.089331951782260077e+01
1.080198871811830941e+01
1.083854808344828946e+01
1.111328755074664443e+01
1.095157502181407239e+01
1.058030395220367481e+01
1.065172124209246007e+01
1.076959458791641566e+01
1.078293649456529657e+01
1.070270122288834891e+01
1.096003156293008018e+01
1.090303762471528870e+01
1.069948631864185806e+01
1.028953049983914170e+01
1.089451918874564562e+01
1.060703558763269072e+01
1.095506061457521163e+01
1.073918213662967247e+01
1.095609883895419223e+01
1.094444280104410616e+01
1.074001864548890239e+01
1.089084084959575627e+01
1.069246958069066622e+01
1.084095236224982450e+01
1.078684691026902343e+01
1.058818843941775967e+01
1.100548458166366927e+01
1.075306675677908430e+01
1.089703591451281994e+01
1.069689364578740687e+01
1.065491876506774460e+01
1.070439553045865999e+01
1.081512466384439541e+01
1.051156827624809154e+01
1.085318529412177391e+01
1.082944726264861224e+01
1.084756726134969895e+01
1.074927346576112797e+01
1.067217648117435402e+01
1.082196431037037421e+01
1.086529928194264194e+01
1.089236370382842445e+01
1.050775432656326913e+01
1.089814605270539616e+01
1.057370375048706457e+01
1.097456049158813940e+01
1.065655740996236744e+01
1.071940871098125037e+01
1.020488982218322249e+01
1.092627423458270641e+01
1.082024640858998055e+01
1.086577634984884355e+01
1.089890639397734873e+01
1.046109659071656139e+01
1.073545593229720119e+01
1.065187937477650060e+01
1.065426368262336254e+01
1.079877165984445320e+01
1.052596545432944275e+01
1.072196572913791357e+01
1.067048807810730437e+01
1.074995101328562797e+01
1.075638057525842939e+01
1.073992409575973639e+01
1.091124262608540185e+01
1.085040674062613064e+01
1.079184894812122053e+01
1.072548976188552317e+01
1.075633474298195402e+01
1.070282068788050367e+01
1.064866568009185599e+01
1.070767787425738859e+01
1.062270183913168609e+01
1.056264379211316928e+01
1.094095655060291072e+01
1.071990237319068662e+01
1.096300226689356982e+01
1.073572988357686775e+01
1.071030167309426240e+01
1.062212368313383948e+01
1.057484416373891634e+01
1.070506220372889494e+01
1.072144647921785499e+01
1.072996237592728974e+01
1.075070637988034861e+01
1.072149675890180731e+01
1.044408103625210948e+01
1.072958193920737457e+01
1.066102387594488476e+01
9.940708082779748267e+00
1.075141490315331971e+01
1.063731721294104560e+01
1.065088637889635237e+01
1.060488078075399265e+01
1.069386285055291985e+01
1.087931628637862858e+01
1.077191041888968392e+01
1.061239990253036858e+01
1.076089595783717812e+01
1.084240313286688462e+01
1.048513914920595269e+01
1.084110116189289208e+01
1.091466985637831932e+01
1.079562836513558466e+01
1.079252325622531750e+01
1.049588136527706084e+01
1.053987917037491506e+01
1.065525273621531710e+01
1.048419852346178160e+01
1.072093009067255664e+01
1.061223235986201985e+01
1.068047922057965415e+01
1.073500233256559255e+01
1.074511437358730070e+01
1.071861115452391999e+01
1.062915152134089247e+01
1.065181790771447723e+01
1.053015365557949146e+01
1.080101965931179642e+01
1.074366327801029364e+01
1.063115023200530551e+01
1.062923968104816019e+01
1.047688962216402686e+01
1.065917464215673149e+01
1.071043596214394178e+01
1.068623873126411716e+01
1.070965985044784219e+01
1.053854619265206516e+01
1.068727772818841437e+01
1.040699487365611731e+01
1.088903959675623945e+01
1.057674658048047078e+01
1.069072476317766629e+01
1.053539501711522242e+01
1.059270745254903012e+01
1.062446735454279789e+01
1.076750287612577672e+01
1.068300804433400231e+01
1.037080491888800715e+01
1.060277572142355140e+01
1.054992287393818984e+01
1.076465994188501263e+01
1.068373527925288080e+01
1.056729248074028504e+01
1.041222236263250167e+01
1.054633154398413808e+01
1.073329499367312323e+01
1.055658809750075555e+01
1.063021526830943841e+01
1.066199137894088977e+01
1.082056168153614983e+01
1.069651685269301744e+01
1.070015924009133634e+01
1.084167451728528953e+01
1.078875042294358266e+01
1.061298726809912729e+01
1.061204396398550287e+01
1.063609282222850538e+01
1.051033104615978253e+01
1.058978036968945524e+01
1.055562006205478731e+01
1.053839912308967186e+01
1.072661274975703094e+01
1.073198225478330770e+01
1.055151708530712007e+01
1.060468199139396717e+01
1.064683797629935924e+01
1.071438781429028886e+01
1.077313238133311657e+01
1.062497884354205269e+01
1.052859771514687282e+01
1.062704186145290741e+01
1.057604622918170634e+01
1.053776786503888196e+01
1.074245432372159392e+01
1.046083061593371788e+01
1.045890342752280588e+01
1.045934375253280635e+01
1.067265973856502193e+01
1.065778370875239389e+01
1.049944294695723279e+01
1.054529009967611586e+01
1.044202254909735039e+01
1.066677701291344604e+01
1.055417363227566874e+01
1.064747666587672192e+01
1.060898005927025345e+01
1.055909138874087105e+01
1.045335076850562750e+01
1.067592835560388131e+01
1.054613593850129583e+01
1.068991917826561000e+01
1.041836774242571195e+01
1.067778534833047388e+01
1.049446049139305792e+01
1.060013809346084557e+01
1.052064822207874784e+01
1.040095357539973620e+01
1.055614157576123624e+01
1.054969469897278422e+01
1.062149395644322247e+01
1.051140821267097714e+01
1.050068638179881653e+01
1.058229258007475870e+01
1.041719086336236622e+01
1.031264708672518182e+01
1.051450784553702000e+01
1.064272996337025923e+01
1.058379864637507950e+01
1.038650246672899868e+01
1.051586882581541538e+01
1.037694482243644778e+01
1.044819898105452793e+01
1.055862623954366519e+01
1.047453797235941941e+01
1.059785195396150925e+01
1.045625258142169223e+01
1.037158283960750893e+01
1.056680512975828812e+01
1.046630892990429373e+01
1.052923435225625148e+01
1.034311226922788229e+01
1.050478999955804227e+01
1.046228719476691538e+01
1.040306938969983896e+01
1.047514624512763248e+01
1.059049259899811801e+01
1.045238842736142537e+01
1.035186341702926782e+01
1.036811154241947364e+01
1.045578594085436208e+01
1.052163070572985326e+01
1.047319567948100705e+01
1.039147379570741414e+01
1.039120456622616118e+01
1.043862978079931558e+01
1.044181572386383294e+01
1.052586732424319216e+01
1.050878046953351586e+01
1.035053171582429066e+01
1.034426684835313104e+01
1.026173007190184272e+01
