#Distance(Mpc) logMbulge error MBH low high order flag(0/reg, 1/1, 2/2)
109.5 10.22 0.23 7.230 0.042 -0.044
402.5 10.82 0.23 8.067 0.119 -0.165
653.1 10.24 0.23 8.487 0.096 -0.119
112.1 10.42 0.23 7.570 0.062 -0.074
140.9 10.83 0.23 7.745 0.038 -0.040
139.6 10.85 0.23 8.068 0.048 -0.063
80.6 10.93 0.23 8.102 0.037 -0.041
94.0 10.49 0.23 7.612 0.107 -0.136
279.4 10.58 0.23 7.858 0.154 -0.230
150.9 10.64 0.23 7.292 0.101 -0.097
23.5 10.64 0.23 6.775 0.084 -0.112
37.1 10.53 0.25 7.395 0.037 -0.061
118.5 9.33  0.23 6.558 0.081 -0.088
89.2 10.40 0.23 6.670 0.045 -0.054
82.7 9.96  0.23 6.212 0.071 -0.089
17.1 8.92  0.25 6.130 0.121 -0.155
16.6 9.78  0.25 7.555 0.051 -0.047
88.9 10.04 0.23 6.133 0.166 -0.173
54.4 9.81  0.24 6.822 0.050 -0.057
735.7 11.11 0.23 8.839 0.077 -0.113
274.9 11.06 0.23 7.758 0.175 -0.219
37.3 10.68 0.25 6.882 0.084 -0.104
61.6 10.79 0.24 6.407 0.110 -0.183
718.7 11.11 0.23 8.537 0.094 -0.161
129.7 10.98 0.23 7.435 0.099 -0.133
398.2 11.01 0.23 8.539 0.125 -0.169
383.9 10.87 0.23 9.007 0.106 -0.164
134.2 10.84 0.23 7.586 0.064 -0.072
588.4 11.68 0.23 8.339 0.164 -0.271
507.4 10.31 0.23 8.667 0.084 -0.128
1463.3 11.23 0.23 8.786 0.091 -0.103
243.5 10.60 0.23 8.638 0.040 -0.046
120.2 9.94  0.23 6.913 0.075 -0.119
21.8 9.67  0.29 7.038 0.056 -0.058
274.7 11.14 0.23 7.433 0.055 -0.063
68.8 9.84  0.23 6.956 0.048 -0.050