0	1.29	1.22	-22.77	-24.19	14	40	45.53	-1.65	0.34
0	1.41	6.26	-25.08	-27	14	50	46.71	-1.8	2.01
0	1.52	0.75	-23.3	-25.85	14	65	46.24	-1.75	1.76
0	1.66	1.44	-23.69	-24.75	14	70	46.07	-2.1	1.48
0	2.72	2.24	-24.02	-27.37	14	75	46.85	-1.75	2.26
0	1.69	2.43	-23.4	-23.29	14	70	45.19	-1.7	0.5
0	2.8	2.47	-22.93	-23.73	14	100	45.57	-2.07	0.8
0	4.5	1	-25.47	-26.09	14	146	46	-1.1	1.39
0	2.65	2.65	-24.86	-26.58	14	91	46.41	-1.5	2.02
0	2.74	1.54	-24.31	-26.19	14	75	46.27	-1.55	1.11
0	2.55	0.85	-24.83	-26.49	14	80	46.42	-1.6	1.68
0	2.32	3.19	-24.31	-25.35	14	103	46.18	-2.02	2.37
0	1.72	2.32	-23.29	-24.24	14	69	45.74	-2.02	0.92
0	2.55	1.35	-24.3	-25.35	14	52	45.61	-0.9	0.26
0	3.62	1.68	-24.6	-27.9	14	133	46.88	-1.4	4.79
0	1.86	1.59	-22.66	-24.16	14	75	45.64	-1.9	0.88
0	3.42	1.47	-23.97	-24.84	14	100	45.22	-0.7	0.39
#0	3.27	3.52	-23.59	-23	14	25	44.56	-0.7	0.01
0	2.03	1.7	-24.27	-26.52	14	117	46.67	-2.05	6.62
######unlensed
0	1.63	0	-23.94	-25.07	14	71	46.11	-2.1	1.64
0	1.65	6.97	-23.39	-25.95	14	52	46.31	-1.8	1.1
0	1.65	6.97	-24.06	-24.54	14	52	45.74	-1.8	0.55
0	1.976	0	-23.19	-24.2	14	90	45.57	-1.7	1.06
0	1.868	0	-23.77	-23.56	14	70	45.48	-2	0.61
0	1.756	0	-23.75	-23.22	14	100	45.61	-2.5	1.58
0	1.964	0	-24.05	-23.76	14	85	45.66	-2.2	1.06
0	1.716	0	-21.82	-24	14	45	45.38	-1.5	0.25
0	1.992	0	-26.06	-25.66	14	58	45.9	-1.2	0.65
0	2.735	0	-23.33	-23.91	14	90	45.62	-2	0.71
0	2.71	0	-24.32	-24.35	14	90	45.52	-1.5	0.63
0	1.829	0	-22.95	-23.82	14	120	45.22	-1.3	1.34
0	1.735	0	-22.66	-22.07	14	50	45.09	-2.4	0.21
0	1.876	0	-21.67	-22.11	14	50	45.21	-2.6	0.22

