#D	k_tmag M_k	M_v	V-K	B-V	M_BH	L(M_BH)	H(M_BH)	10^M_BH
0.805	5.1	-19.45	-16.64	2.816	0.895	2.45	1.43	3.46	6
20.95	5.32	-26.29	-23.38	2.91	0.871	1.69	1.39	1.97	8
22.66	7.05	-24.73	-21.58	3.159	0.931	1.47	1.27	1.68	9
19.57	8.16	-23.3	-20.43	2.874	0.908	5.9	5.39	6.51	8
20.85	6.31	-25.29	-22.43	2.863	0.948	8.81	4.35	17.81	8
29	6.46	-25.87	-22.89	2.98	0.969	4.65	4.24	5.38	9
52.5	8.77	-24.87	-21.89	2.974	0.963	3.87	3.16	4.48	9
23.44	9.51	-22.34	-19.39	2.955	0.911	1.45	0	2.91	7
67.1	9.78	-24.36	-21.3	3.068	0.88	1.08	1.03	1.12	7
53.02	8.09	-25.54	-22.56	2.98	0.962	3.72	3.21	3.83	9
10.99	7.16	-23.06	-20.08	2.98	0.83	1.78	0.85	2.72	8
10.7	6.27	-23.88	-21.01	2.867	0.939	4.16	3.12	5.2	8
22.65	6.99	-24.79	-21.92	2.872	0.911	1.37	0.9	1.82	8
22.75	7.62	-24.17	-21.19	2.98	0.921	4.65	3.66	5.64	8
92.2	8.84	-25.99	-23.01	2.98	0.941	9.09	6.28	11.43	9
32.36	6.94	-25.62	-22.64	2.98	0.974	5.29	4.21	6.36	8
26.58	8.42	-23.72	-20.76	2.954	0.927	9.78	6.7	12.86	8
18.51	5.75	-25.6	-22.62	2.98	0.945	9.25	8.38	10.23	8
17.88	5.76	-25.51	-22.53	2.98	0.863	1.3	0	22.4	7
16.01	7.15	-23.88	-20.91	2.975	0.909	6.96	5.62	8.29	7
16.72	4.97	-26.16	-23.18	2.98	0.94	2.54	2.44	3.12	9
15.25	7.16	-23.77	-20.89	2.874	0.935	0.9	0.45	1.35	8
16.68	5.27	-25.85	-22.87	2.98	0.94	6.15	5.78	6.53	9
18.36	9.49	-21.83	-18.85	2.98	0	1.44	0.92	1.97	7
16.26	10.39	-20.67	-17.69	2.98	0.991	6	4	9	8
16.46	5.49	-25.61	-22.63	2.98	0.947	4.72	3.67	5.76	9
12.54	6.37	-24.13	-21.33	2.799	0.883	2.02	1.52	2.53	8
32.81	8.24	-24.38	-21.22	3.158	0.983	2.44	2.07	2.56	9
102	8.41	-26.64	-23.63	3.007	1.031	2.08	0.49	3.66	10
38.7	8.22	-24.74	-21.66	2.949	0.987	8.55	4.07	12.93	8
3.62	3.49	-24.34	-21.36	2.98	0.898	5.69	4.65	6.73	7
64.4	8.49	-25.58	-22.61	2.966	1.004	4.75	2.81	5.63	9
55.3	8.31	-25.47	-22.5	2.97	0.993	3.69	2.65	3.79	9
25.68	7.83	-24.23	-21.29	2.939	0.862	2.73	1.94	3.41	8
25.87	9.11	-22.97	-19.73	3.238	0.973	4.87	3.34	6.4	8
138	9.97	-25.74	-22.84	2.884	0.965	3.74	2.59	5.5	9
108.4	9.03	-26.18	-23.18	2.998	0	6.14	4.09	8.18	8
28.71	7.71	-24.6	-21.42	3.179	0.962	2.1	2	2.73	9
70.4	8.57	-25.7	-22.86	2.841	0.86	3.96	2.4	6.72	8
53.85	8.03	-25.65	-22.83	2.821	0.969	2.3	2.19	3.45	9
116	9.34	-26	-23.19	2.811	0.906	1.34	0.93	1.85	9
28.92	6.81	-25.51	-22.42	3.081	0.966	2.48	2.29	2.96	9
#89.9	10.62	-24.17	0	0	0	1.49	1.04	1.93	7
152.4	9.99	-25.95	-22.64	3.31	1.043	3.74	3.22	4.16	9
49.2	7.5	-25.98	-23.03	2.948	0.956	1.3	1.11	1.5	9
242.7	10.28	-26.77	-23.23	3.54	0	2.66	1.91	3.4	9

