#Distance(Mpc) logMbulge error MBH low high order flag(0/reg, 1/1, 2/2)
0.805 09.05 0.10 2.45 1.43 03.46 6 0
20.95 11.84 0.09 1.69 1.39 01.97 8 1
22.66 11.27 0.09 1.47 1.27 01.68 9 0
19.57 10.65 0.09 5.90 5.39 06.51 8 0
20.85 11.50 0.09 8.81 4.35 17.81 8 0
29.00 11.74 0.09 4.65 4.24 05.38 9 0
52.50 11.33 0.09 3.87 3.16 04.48 9 0
23.44 10.26 0.09 1.45 0.00 02.91 7 2
67.1 11.06 0.09 1.08 1.03 01.12 7 1
53.02 11.61 0.09 3.72 3.21 03.83 9 0
10.99 10.50 0.09 1.78 0.85 02.72 8 0
10.70 10.91 0.09 4.16 3.12 05.20 8 0
22.65 11.26 0.09 1.37 0.90 01.82 8 2
22.75 11.01 0.09 4.65 3.66 05.64 8 0
92.2 11.77 0.09 9.09 6.28 11.43 9 2
32.36 11.65 0.09 5.29 4.21 06.36 8 2
26.58 10.85 0.09 9.78 6.70 12.86 8 0
18.51 11.62 0.09 9.25 8.38 10.23 8 0
17.88 11.51 0.09 1.30 0.00 22.40 7 1
16.01 10.88 0.09 6.96 5.62 08.29 7 2
16.72 11.84 0.09 2.54 2.44 03.12 9 0
15.25 10.85 0.09 0.90 0.45 01.35 8 0
16.68 11.72 0.09 6.15 5.78 06.53 9 0
18.36 10.04 0.09 1.44 0.92 01.97 7 0
16.26 09.64 0.10 6.00 4.00 09.00 8 2
16.46 11.64 0.09 4.72 3.67 05.76 9 0
12.54 10.97 0.09 2.02 1.52 02.53 8 0
32.81 11.16 0.09 2.44 2.07 02.56 9 0
102.0 12.09 0.09 02.08 0.49 03.66 10 2
38.7 11.28 0.09 8.55 4.07 12.93 8 0
3.62 11.05 0.09 5.69 4.65 06.73 7 1
55.3 11.60 0.09 3.69 2.65 03.79 9 0
25.68 11.00 0.09 2.73 1.94 03.41 8 0
25.87 10.57 0.09 4.87 3.34 06.40 8 0
138.0 11.69 0.09 3.74 2.59 05.50 9 0
108.4 11.88 0.09 6.14 4.09 08.18 8 2
28.71 11.25 0.09 2.10 2.00 02.73 9 0
70.4 11.61 0.10 3.96 2.40 06.72 8 2
53.85 11.65 0.09 2.30 2.19 03.45 9 0
116.0 11.75 0.09 1.34 0.93 01.85 9 0
28.92 11.60 0.09  2.48 2.29 02.96 9 0
#89.9 -99.0 -99.0  1.49 1.04 01.93  1
152.4 11.81 0.10 3.74 3.22 04.16 9 2
49.2 11.78 0.09 1.30 1.11 01.50 9 2
#242.7 -99.0 -99.0  2.66 1.91 03.40 9 2