#Distance(Mpc) logMbulge error MBH low high order flag(0/reg, 1/1, 2/2)
0.774 10.35 0.09 1.43 1.12 2.34 8 0
3.604 10.42 0.09 6.5 5. 9.  7 0
24.22 11.26 0.09 8.67 8.21 9.61 8 0
23.44 10.98 0.09 1.65 0.92 2.39 8 0
10.81 10.53 0.09 4.13 3.71 4.56 7 0
57.98 10.64 0.09 7.08 6.76 7.41 7 0
73. 11.00 0.09 1.7 1.4 2.0 10 2
12.70 9.71 0.09 1.45 0.31 1.65 7 0
9.54 10.92 0.09 8.97 6.20 9.54 8 0
21.38 10.69 0.09 2.39 1.63 2.66 8 0
20.51 11.26 0.09 3.29 2.71 4.74 8 0
14.30 10.67 0.09 8.45 7.79 9.15 8 0
14.30 10.67 0.09 2.27 1.43 3.28 8 2
13.35 10.33 0.09 1.80 1.45 2.40 8 0
7.27 9.86 0.09 3.78 3.74 3.82 7 0
22.91 10.31 0.09 4.53 3.05 7.18 8 2
16.44 11.02 0.09 4.51 3.48 5.91 8  0
15.94 10.38 0.09 8.81 6.38 11.26 7 0
9.87 11.47 0.09 6.65 6.24 7.05 8 0
16.53 10.20 0.09 7.67 4.43 11.41 8 2
12.53  9.56 0.09 0.90 0.36 1.43 7 0