414	1.29	1.22	-22.77	-24.19	12	40	45.31	-1.65	0.16
712.472	1.34	1.46	-22.86	-17.9	12	110	42.74	0	0.07
909.532	1.38	1.17	-21.95	-25.7	12	138	45.95	-0.95	3.87
924.0219	1.54	1.74	-23.32	-21.78	12	61	44.35	-1.9	0.11
951.2635	1.24	1.11	-21.22	-25.66	12	70	45.9	-1.73	0.89
957.561	1.41	6.26	-25.08	-27	12	100	46.43	-1.8	3.02
1030.071	1.54	1.56	-23.25	-23.27	12	86	44.82	-1	0.35
1226.0006	1.12	1.2	-22.44	-22.7	12	120	44.48	-0.6	0.68
1335.0118	1.57	1.57	-23.03	-25.17	12	120	45.6	-1	1.55
1600.434	1.59	1.4	-23.04	-21.41	12	63	44.23	-1.9	0.1
1633.3134	1.52	0.75	-23.3	-25.85	12	104	45.98	-1.75	1.84
#2045.265	1.28	2.76	-19.8	-15.91	12	78	41.49	1.3	0.01
1009.0252	2.74	1.54	-24.31	-26.19	12	100	46.08	-1.55	0.86
1115.08	1.72	2.32	-23.29	-24.24	12	127	45.39	-2.02	1.23
1422.231	3.62	1.68	-24.6	-27.9	12	139	46.74	-1.4	2.23
######unlensed
122214.355	0.88	0	-23.42	-21.82	12	160	44.46	-1.5	1.64
122214.355	0.88	0	-22.08	-20.97	12	110	44.08	-1.5	0.43
921.4528	1.65	6.97	-23.39	-25.95	12	141	46.03	-1.8	3.21
921.4528	1.65	6.97	-24.06	-24.54	12	141	45.46	-1.8	1.74
5.46 	0.955	0	-22.9	-23.04	12	55	44.96	-2.2	0.16
0440.00 	0.844	0	-23.83	-23.69	12	50	45.16	-1.9	0.18
0938.18 	0.943	0	-23.49	-22.76	12	100	44.9	-2.5	0.49
3.422 	0.942	0	-24.71	-24.39	12	140	45.36	-1.4	1.58
445.51	1.992	0	-26.06	-25.66	12	101	45.83	-1.2	0.58

