#z	Dl(Mpc),	Total_mag,	Host_mag, 	Spheroid	, LgLhost_v/Lsun,	LgLsph_v/Lsun,	Re,	LogMbh/Msun, deltaM, Number of comp
0.03301	144.9	13.49	14.62	14.62	10.41	10.41	3.26	7.74	0.21	2
0.0561	250.5	14.9	15.76	15.76	10.45	10.45	2.48	8.46	0.10	2
0.03271	143.6	13.29	14.13	15.29	10.59	10.13	0.09	8.18	0.06	3
0.02219	96.7	14.46	14.96	15.94	9.91	9.52	0.83	7.72	0.12	3
0.03529	155.2	15.42	16.22	17.5	9.83	9.32	0.37	7.40	0.11	3
0.03045	133.5	14	14.9	16.04	10.22	9.77	0.56	7.54	0.11	3
0.02579	112.6	14.18	15.32	16.29	9.9	9.51	0.45	7.15	0.11	3
0.02639	115.3	14.21	14.24	15.42	10.35	9.88	1.1	7.68	0.07	3
0.03146	138	14.33	14.97	17.42	10.22	9.24	0.08	7.69	0.07	3
0.155	739.2	15.02	16.25	16.25	11.24	11.24	16.76	8.57	0.09	2
0.1	460.3	13.89	16.5	16.5	10.71	10.71	3.73	8.84	0.05	2
0.064	287.4	14.28	16.1	16.1	10.44	10.44	3.87	7.97	0.18	2
0.0809	367.6	14.43	16.93	16.93	10.33	10.33	3.06	8.16	0.13	2
0.15834	757.7	12.86	15.55	15.55	11.54	11.54	4.42	8.95	0.09	2
0.06301	282.7	15.38	15.66	16.65	10.6	10.2	1.24	7.86	0.21	3
0.0896	409.5	14.58	16.8	16.8	10.48	10.48	9.52	8.65	0.14	2
0.129	605.2	14.48	15.48	15.48	11.37	11.37	19.54	8.45	0.20	2
0.292	1505.1	14.87	17.84	17.84	11.41	11.41	15.79	8.89	0.10	2
0.06298	282.6	14.64	16.37	17.87	10.32	9.72	4.15	7.58	0.17	3

