#z	log M BH	log L bul,V
0.354488	7.99	10.93
0.351342	8.44	10.5
0.358309	8.78	10.01
0.354551	8.93	10.28
0.370213	8.02	9.79
0.351314	8.82	10.17
0.36191	8.2	10.85
0.369242	8	10.37
0.366873	7.85	10.9
0.359351	8.15	10.31
0.354384	8.02	10.33
0.358429	8.17	9.54
0.357906	8.11	10.41
0.353505	8.73	9.65
0.368817	7.72	9.43
0.351999	8.53	10.18
0.358619	7.74	9.92
0.355877	7.76	10.4
0.356555	7.73	10.03
0.367083	7.56	10.66
0.37345	7.98	9.92
0.350568	8.19	10.66
0.358781	7.39	9.57
0.361284	7.67	9.98
0.365515	7.85	9.86
0.370188	7.95	10.72
0.365808	8.1	10.51
0.373111	7.83	9.94
0.362919	8.15	10.44
0.374316	7.69	10.5
0.367841	8.12	10.6
0.370558	7.45	10.38
0.357366	7.95	9.93
0.358543	7.51	9.71
0.565	7.95	10.63
0.565167	8.68	11.17
0.562309	8.94	10.39
0.57613	8.6	10.93
0.578015	7.86	10.71
0.571209	8.74	10.91
0.576049	8.76	10.18
0.359329	7.44	10.26
0.573637	8.84	10.61
0.576601	8.28	10.91
0.576728	8.29	10.86
0.356623	7.51	10
0.362909	7.85	10.71
0.56169	8.31	10.02
0.572026	9.07	10.81
0.571076	7.94	10.41
0.561702	8.68	10.87
0.565356	8.7	10.79
#additional
1.227	8.87	10.43
1.9	9.17	11.63
1.22	8.24	11.12
1.031	7.85	10.27
1.617	8.08	11.38
1.615	8.30	11.42
1.037	7.75	10.37
1.218	8.37	11.29
1.371	8.27	10.63
1.021	8.35	10.01
1.45	8.77	11.35
0.717	7.28	10.61
1.065	7.07	10.06
0.96	7.43	10.36
0.97	8.23	10.09
0.544	8.61	10.92
1.044	7.90	10.35
0.675	7.95	10.73
0.569	8.11	10.54
0.737	9.14	10.93
0.664	7.05	10.09
0.837	8.37	10.08
0.74	8.02	10.57
0.733	7.93	10.92
0.622	7.61	10.74
1.034	8.12	10.7
0.841	8.65	11.12
