#ID z Mtot MBH B/T (MBH updated already with H0liCOW7 paper by -0.144)
158 0.717 10.66 6.936 1.00
170 1.065 9.80 6.836 0.50
#250 1.037 10.19 10.046 1.00
271 0.960 10.49 7.116 0.23
273 0.970 10.29 7.986 1.00
305 0.544 11.01 8.376 1.00
333 1.044 10.33 7.656 0.35
339 0.675 10.96 7.596 1.00
348 0.569 10.55 7.636 0.40
#375 1.031 10.55 10.406 0.10
379 0.737 10.66 8.896 0.32
413 0.664 10.19 6.806 0.41
417 0.837 10.39 8.106 0.33
465 0.740 10.76 7.776 0.24
516 0.733 10.88 7.656 0.67
540 0.622 10.88 7.376 0.49
597 1.034 10.91 7.866 0.77
712 0.841 11.34  8.406 0.70