  -22.30638      -21.86206       10.38901      2.8133063E-02   8.109156    
  -22.35399      -21.91311       10.40794      2.8133063E-02   8.109158    
  -22.34501      -21.91949       10.58960      3.5471093E-02   8.153475    
  -22.31034      -21.87968       10.59758      3.5471093E-02   8.153478    
  -22.31163      -21.88026       10.60520      3.5471093E-02   8.153482    
  -21.89617      -21.50066       10.33283      2.5300944E-02   8.242231    
  -21.89860      -21.50263       10.33888      2.5300944E-02   8.242231    
  -21.89738      -21.49962       10.34473      2.5300944E-02   8.242231    
  -21.91709      -21.52122       10.35041      2.5300944E-02   8.242232    
  -21.90947      -21.51140       10.35597      2.5300944E-02   8.242232    
  -21.90759      -21.50816       10.36141      2.5300944E-02   8.242232    
  -21.96368      -21.56733       10.36674      2.5300944E-02   8.242233    
  -21.92102      -21.52066       10.37198      2.5300944E-02   8.242241    
  -21.91519      -21.51233       10.37708      2.5300944E-02   8.242241    
  -21.85729      -21.51210       10.39912       1.342427       8.187217    
  -22.40120      -21.95150       10.73838      3.3972964E-03   8.014366    
  -22.39596      -21.94375       10.74243      3.3972964E-03   8.014388    
  -22.39055      -21.93672       10.74528      3.3972964E-03   8.014389    
  -22.40099      -21.94860       10.74807      3.3972964E-03   8.014390    
  -22.38769      -21.93206       10.75081      3.3972964E-03   8.014392    
  -22.38162      -21.92439       10.75352      3.3972964E-03   8.014392    
  -22.42108      -21.96784       10.75619      3.3972964E-03   8.014392    
  -22.51964      -22.12883       10.75881      3.3972964E-03   8.014392    
  -21.89706      -21.49547       10.47718      0.2181223       8.338957    
  -22.14144      -21.67570       10.56920      0.2693866       8.504456    
  -22.64610      -22.13277       10.80509      1.9521460E-02   8.173321    
  -22.65084      -22.13663       10.81306      1.9521460E-02   8.173321    
  -22.65152      -22.12687       10.83421      1.9521460E-02   8.173355    
  -22.67615      -22.15402       10.83810      1.9521460E-02   8.173364    
  -22.72195      -22.25336       10.79709      2.1333341E-03   8.190220    
  -22.68631      -22.21185       10.79984      2.1333341E-03   8.190220    
  -22.64400      -22.16245       10.80251      2.1333341E-03   8.190220    
  -22.21418      -21.71316       10.53970      0.1431132       8.666999    
  -22.22772      -21.72434       10.56135      0.2398552       8.754896    
  -22.20301      -21.69215       10.56167      5.3118761E-03   8.754897    
  -22.51850      -22.03194       10.70715      1.3214576E-02   8.531093    
  -22.66837      -22.15098       10.68283      6.9515102E-02   8.420345    
  -22.49407      -22.00741       10.71045      1.3214576E-02   8.531093    
  -22.68228      -22.16381       10.69613      6.9515102E-02   8.420348    
  -22.48966      -22.00459       10.71434      1.3214576E-02   8.531093    
  -22.67030      -22.14716       10.70885      6.9515102E-02   8.420350    
  -22.69681      -22.17458       10.71504      6.9515102E-02   8.420351    
  -22.68068      -22.15620       10.72107      6.9515102E-02   8.420352    
  -23.08992      -22.45929       11.20018      0.7239839       8.249605    
  -23.66605      -23.22616       11.20134      6.4565741E-02   8.249666    
  -23.12528      -22.53495       11.12002      4.1164622E-02   8.142220    
  -23.10202      -22.50823       11.12517      4.1164622E-02   8.142225    
  -23.18042      -22.57667       11.15693      4.1164622E-02   8.338785    
  -23.16268      -22.55702       11.15930      4.1164622E-02   8.338786    
  -23.45494      -22.99092       11.16071      2.9734734E-03   8.338786    
  -23.41181      -22.93587       11.16071      2.9734734E-03   8.338786    
  -23.36634      -22.87744       11.16071      2.9734734E-03   8.338786    
  -23.32454      -22.82491       11.16071      2.9734734E-03   8.338786    
  -23.29398      -22.78715       11.16071      2.9734734E-03   8.338786    
  -23.26346      -22.74961       11.16071      2.9734734E-03   8.338786    
  -22.29187      -21.90076       10.65874       3.759810       8.469636    
  -22.00676      -21.52862       10.65909      0.2880049       8.469642    
  -22.89114      -22.40935       10.77014      0.5438637       8.075472    
  -22.74867      -22.26558       10.77504      0.1285561       8.075639    
  -22.75087      -22.09515       10.86124      7.5785093E-02   8.769820    
  -22.79181      -22.14266       10.86882      7.5785093E-02   8.770028    
  -22.80372      -22.15779       10.87600      7.5785093E-02   8.770028    
  -23.20988      -22.72787       11.03174      0.1637073       8.338549    
  -23.04151      -22.49437       11.09477      0.1865917       8.340741    
  -23.54137      -23.16662       11.00377       1.360380       8.561629    
  -23.15570      -22.67918       11.00649      0.1994731       8.561631    
  -23.10082      -22.61218       11.00717      0.1276083       8.561632    
  -22.52924      -21.99776       10.66733      9.9343367E-02   8.010042    
  -22.99815      -22.42596       10.96687      0.4061505       8.500148    
  -23.04531      -22.54654       10.98397      7.0852838E-02   8.500175    
  -22.01934      -21.64876       10.39441       1.488304       8.251494    
  -22.98551      -22.47417       10.99266      7.2265029E-02   8.500178    
  -21.72119      -21.27910       10.39732      0.5406553       8.251560    
  -22.85527      -22.33057       11.00644      5.6929599E-02   8.500202    
  -22.31193      -21.86531       10.57560      3.7833761E-02   8.200915    
  -22.30600      -21.85805       10.57975      3.7833761E-02   8.200916    
  -22.34649      -21.90217       10.58375      3.7833761E-02   8.200917    
  -22.30413      -21.85550       10.58761      3.7833761E-02   8.200918    
  -22.28161      -21.82431       10.59150      3.7833761E-02   8.200919    
  -22.26624      -21.80229       10.59563      3.7833761E-02   8.200920    
  -22.28617      -21.82423       10.59993      3.7833761E-02   8.200921    
  -22.27972      -21.81602       10.60420      3.7833761E-02   8.200922    
  -22.48998      -22.12797       10.60841      3.7833761E-02   8.200923    
  -22.53034      -22.19328       10.55191       1.988457       8.197955    
  -23.14374      -22.51323       11.02679      3.5704177E-02   8.578464    
  -23.12734      -22.49392       11.03636      3.5704177E-02   8.578465    
  -23.14406      -22.51201       11.04284      3.5704177E-02   8.578467    
  -23.12539      -22.49092       11.04746      3.5704177E-02   8.578468    
  -22.97664      -22.32658       11.14396      4.5833241E-02   8.683270    
  -21.96465      -21.59794       10.41478       1.820396       8.139651    
  -22.29527      -21.84458       10.63461      5.7730358E-02   8.290074    
  -21.77560      -21.29792       10.48131      0.3691318       8.144407    
  -22.32664      -21.86039       10.65913      5.7730358E-02   8.302441    
  -22.32963      -21.86095       10.66454      5.7730358E-02   8.302447    
  -22.37001      -21.90510       10.66791      5.7730358E-02   8.302449    
  -22.33228      -21.86344       10.67123      5.7730358E-02   8.302450    
  -22.32450      -21.85434       10.67449      5.7730358E-02   8.302452    
  -22.31842      -21.84719       10.67767      5.7730358E-02   8.302454    
  -22.89344      -22.30469       10.72484      3.5763528E-02   8.471023    
  -22.90978      -22.32341       10.73073      3.5763528E-02   8.471023    
  -22.88885      -22.29943       10.73644      3.5763528E-02   8.471024    
  -22.91399      -22.31916       10.76241      3.5763528E-02   8.471181    
  -22.90758      -22.31182       10.76769      3.5763528E-02   8.471183    
  -23.40095      -23.00848       10.77293      3.5763528E-02   8.471183    
  -22.48654      -22.01638       10.71976       1.674505       8.022324    
  -23.04993      -22.53118       10.81135      7.2181276E-03   8.471196    
  -23.02656      -22.50203       10.81274      7.2181276E-03   8.471196    
  -23.00838      -22.48038       10.81417      7.2181276E-03   8.471196    
  -23.01228      -22.48611       10.81562      7.2181276E-03   8.471196    
  -22.98437      -22.45338       10.81708      7.2181276E-03   8.471196    
  -23.03182      -22.37650       11.22889      0.1895950       8.545290    
  -23.03127      -22.37463       11.24097      0.1895950       8.545302    
  -23.06231      -22.40837       11.24671      0.1895950       8.545307    
  -24.45543      -24.08884       11.25230      0.1895950       8.545313    
  -22.14215      -21.98787       10.17090       11.64699       8.005496    
  -23.17334      -22.50466       11.10235      8.8580795E-02   8.738846    
  -23.17085      -22.49772       11.11139      8.8580795E-02   8.740091    
  -23.16437      -22.49048       11.11605      8.8580795E-02   8.740091    
  -23.16839      -22.49618       11.12062      8.8580795E-02   8.740092    
  -23.13054      -22.44413       11.42578      0.1088083       8.351221    
  -23.28840      -22.57925       11.37462      1.3328794E-03   9.183017    
  -23.56651      -23.20935       10.86977       5.121967       8.445090    
  -20.64223      -20.37929       9.812803       6.492569       8.284348    
  -22.89804      -22.26396       11.05431      0.6185168       8.327971    
  -23.97089      -23.61481       11.06026      0.6185168       8.328105    
  -23.32216      -22.67360       11.34242      0.1486079       8.634911    
  -23.30791      -22.65716       11.34454      0.1486079       8.634912    
  -22.61211      -22.07641       10.56124      0.1234728       8.148419    
  -22.65602      -22.12506       10.57070      0.1234728       8.148433    
  -22.64153      -22.10886       10.57952      0.1234728       8.148448    
  -22.60097      -22.04856       10.60346      0.1234728       8.148468    
  -22.60947      -22.05718       10.61272      0.1234728       8.148480    
  -22.62646      -22.07519       10.62187      0.1234728       8.148497    
  -23.00124      -22.67844       10.61592       9.907523       8.132806    
  -23.19844      -22.54478       11.08177      0.1018340       8.732563    
  -23.17343      -22.51858       11.09247      0.1018340       8.732564    
  -23.18303      -22.53079       11.10266      0.1018340       8.732565    
  -22.72573      -22.19075       10.70927      0.1209750       8.216315    
  -22.76882      -22.21033       10.73501      0.1209750       8.233191    
  -22.78772      -22.22951       10.74199      0.1209750       8.233198    
  -22.77410      -22.21363       10.74886      0.1209750       8.233208    
  -23.11833      -22.47408       11.17556      0.1204623       8.614251    
  -22.77098      -22.20893       10.75553      0.1209750       8.233216    
  -23.11259      -22.46675       11.17970      0.1204623       8.614253    
  -23.10362      -22.45613       11.18369      0.1204623       8.614255    
  -23.11540      -22.46963       11.18760      0.1204623       8.614257    
  -23.10524      -22.45731       11.19143      0.1204623       8.614258    
  -22.99548      -22.34962       11.02791      0.2857200       8.814502    
  -23.30433      -22.96783       10.84286       4.864515       8.186100    
  -23.31959      -22.69169       11.04949      5.9689015E-02   8.496887    
  -23.31061      -22.68352       11.05207      5.9689015E-02   8.496888    
  -23.31154      -22.68692       11.05468      5.9689015E-02   8.496890    
  -23.29914      -22.67377       11.05717      5.9689015E-02   8.496891    
  -23.27497      -22.64340       11.05966      5.9689015E-02   8.496892    
  -22.56090      -22.08224       10.75576      0.1531922       8.139110    
  -22.58473      -22.11011       10.75873      0.1531922       8.139123    
  -22.77225      -22.27005       10.80105       10.87556       8.178370    
  -22.53448      -22.26354       10.25765       14.41889       8.098188    
  -23.20082      -22.53467       11.14015       1.464924       8.227614    
  -23.93638      -23.44369       11.14255      9.0005033E-02   8.227892    
  -23.77778      -23.21703       11.15106      0.2770378       8.237514    
  -22.90451      -22.30900       11.07169      9.4520107E-02   8.498582    
  -23.78878      -23.41884       11.03583       3.830420       8.172251    
  -23.09821      -22.47272       11.12173       1.987434       8.321817    
  -23.65117      -23.17143       11.14231      0.2566662       8.361328    
  -23.60314      -23.11960       11.14319      0.1709956       8.361337    
  -23.29794      -22.81704       11.04010      0.1447895       8.005095    
  -22.93110      -22.31278       10.92640      0.1797020       8.494866    
  -22.96060      -22.34540       10.93365      0.1797020       8.494871    
  -22.93137      -22.31464       10.94068      0.1797020       8.494878    
  -22.91575      -22.29753       10.94766      0.1797020       8.494884    
  -21.87970      -21.59998       10.21039       12.05563       8.121468    
  -21.38239      -21.00312       10.21094      0.7102990       8.121663    
  -22.86422      -22.52942       10.67026       5.804710       8.557315    
  -23.75995      -23.38787       11.12781       10.10457       8.409705    
  -21.96631      -21.59879       10.24181      0.1034639       8.096972    
  -21.99594      -21.62457       10.26047      0.1034639       8.096993    
  -21.98204      -21.60405       10.27835      0.1034639       8.097018    
  -22.01447      -21.63660       10.28620      0.1034639       8.097028    
  -21.99508      -21.61367       10.29381      0.1034639       8.097039    
  -21.98976      -21.60534       10.30117      0.1034639       8.097051    
  -22.00049      -21.60979       10.31736      0.1034639       8.097062    
  -23.32781      -22.90075       11.04298       2.189484       8.946959    
  -21.92715      -21.52967       10.35920      9.0659402E-02   8.097075    
  -21.98991      -21.59246       10.36517      9.0659402E-02   8.097081    
  -23.19532      -22.82592       10.82405       8.631072       8.692830    
  -21.95571      -21.55348       10.37136      9.0659402E-02   8.097090    
  -23.30519      -22.81127       11.08457      0.8055095       9.006933    
  -21.95427      -21.55022       10.37726      9.0659402E-02   8.097098    
  -21.95712      -21.54960       10.38344      9.0659402E-02   8.097107    
  -22.93169      -22.31347       11.07882       1.990095       8.342462    
  -23.13535      -22.44055       11.32985       1.178048       8.963226    
  -23.25327      -22.69673       11.13254      0.5200227       8.406667    
  -23.33974      -22.83501       11.13798      0.1106024       8.406682    
  -23.43813      -22.81963       11.36890      8.7471925E-02   8.463053    
  -23.42860      -22.81001       11.36982      8.7471925E-02   8.463054    
  -23.23402      -22.54308       11.30485      0.1211922       8.734107    
  -23.27113      -22.58815       11.30768      0.1211922       8.734107    
  -23.26974      -22.58854       11.31041      0.1211922       8.734108    
  -23.27286      -22.59263       11.31307      0.1211922       8.734109    
  -23.03637      -22.38667       11.02355      0.3815230       8.660554    
  -23.06684      -22.41909       11.03115      0.3815230       8.660565    
  -22.96904      -22.30661       11.11790      0.3815230       8.711547    
  -23.80696      -23.27261       11.14390       1.356326       9.122407    
  -23.86643      -23.19106       11.16245      0.4492645       8.755588    
  -23.24008      -22.91781       10.84604       11.91408       8.255813    
  -22.83248      -22.41769       10.85441       3.688212       8.258489    
  -23.40608      -23.09562       10.87328       12.31192       8.029575    
  -22.92378      -22.33732       10.99848       3.062766       8.525964    
  -22.87129      -22.24661       11.08891       2.939765       8.179650    
  -22.93262      -22.29417       11.17149      0.1617200       8.417839    
  -22.92914      -22.28885       11.17526      0.1617200       8.417847    
  -22.92433      -22.28255       11.17887      0.1617200       8.417853    
  -23.71096      -23.35873       10.94017       6.661816       8.326200    
  -21.89721      -21.78379       9.778356       15.81202       8.138277    
  -23.62133      -23.25526       10.97107       5.809422       8.430649    
  -23.12766      -22.65639       10.97639       1.005362       8.430749    
  -22.97432      -22.45173       9.959660      4.0913023E-02   8.230779    
  -22.99224      -22.36545       11.07699      0.7917735       8.464688    
  -23.02406      -22.39814       11.08340      0.7917735       8.464802    
  -24.05686      -23.48100       11.10678      3.3364050E-02   8.968775    
  -24.01551      -23.42930       11.10798      3.3364050E-02   8.968775    
  -23.96861      -23.36809       11.10925      3.3364050E-02   8.968775    
  -23.93016      -23.31756       11.11060      3.3364050E-02   8.968775    
  -23.02012      -22.40125       11.12522      0.9231791       8.468049    
  -23.82780      -23.46591       11.12978      0.9231791       8.468211    
  -23.69185      -22.97428       11.12850      0.4665829       9.316094    
  -23.21690      -22.74608       10.95618      0.2623852       8.611058    
  -23.03132      -22.35677       11.20857      0.5879161       9.118598    
  -23.13079      -22.49333       11.22497       1.004327       8.251884    
  -23.53593      -23.17464       10.91517       3.859348       8.573816    
  -23.87178      -23.19284       11.29535       1.769593       9.047687    
  -22.32653      -22.00956       10.46809       5.800875       8.393146    
  -22.69715      -22.37850       10.54069       12.13233       8.164214    
  -23.59310      -23.24935       10.87823       4.720182       8.270140    
  -22.91035      -22.30465       10.88428       4.081500       8.093439    
  -23.70465      -23.14124       10.90194      0.1059408       8.506042    
  -23.79476      -23.28270       10.90365      0.1059408       8.506043    
  -23.60635      -23.03647       10.90795      8.2830705E-02   8.506045    
  -23.56688      -22.98793       10.90943      8.2830705E-02   8.506046    
  -22.86131      -22.23264       11.00059       1.558081       8.538434    
  -23.13512      -22.45508       11.41292       2.271183       8.635557    
  -23.87295      -23.50330       10.83809       4.283323       8.690292    
  -24.60303      -24.19947       11.35965       4.039977       8.716993    
  -24.26735      -23.76667       11.36024      8.0231009E-03   8.716994    
  -23.60866      -23.15304       10.91173       1.558388       8.696584    
  -19.74488      -19.50459       9.285596       2.599512       8.046900    
  -22.46973      -21.74917       10.27653      0.4504640       8.550794    
  -23.38472      -22.92677       10.23758      0.4504640       8.550822    
  -23.32101      -22.65627       11.27860      0.6318970       8.220298    
  -23.18763      -22.54551       10.85123      0.1993352       8.855069    
  -23.01485      -22.43660       10.87635      0.9759457       8.633149    
  -22.75730      -22.23196       10.84102       1.416962       8.372679    
  -22.55171      -22.05915       10.56043       1.043151       8.405921    
  -22.10769      -22.02788       9.880797       19.01292       8.218340    
  -22.81011      -22.20642       10.96996      0.3300974       8.097049    
  -22.92064      -22.27833       11.02020      0.3300974       8.628325    
  -22.89276      -22.24767       11.02508      0.3300974       8.628337    
  -22.48621      -22.04959       10.58594      0.1419105       8.115293    
  -22.47149      -22.02624       10.60359      0.1419105       8.116081    
  -22.42717      -21.94491       10.61691      0.1419105       8.116118    
  -22.43777      -21.95407       10.63081      0.1419105       8.116159    
  -22.83313      -22.51369       10.63748      0.1419105       8.116176    
  -23.20219      -22.51834       11.40873       2.001816       8.919241    
  -23.03929      -22.46745       10.84377       1.531901       8.232980    
  -22.18250      -21.76825       10.48654      0.1434346       8.513695    
  -22.14697      -21.73022       10.49197      0.1434346       8.513699    
  -22.13244      -21.70930       10.49715      0.1434346       8.513702    
  -22.12577      -21.70067       10.50202      0.1434346       8.513706    
  -22.14095      -21.71697       10.50678      0.1434346       8.513710    
  -23.11930      -22.43780       11.33123       1.377013       8.768699    
  -22.13014      -21.70353       10.51142      0.1434346       8.513714    
  -22.12392      -21.69546       10.51595      0.1434346       8.513718    
  -22.16810      -21.73988       10.52046      0.1434346       8.513721    
  -22.12823      -21.69622       10.52495      0.1434346       8.513724    
  -24.35206      -23.97913       11.09747       9.548290       8.932622    
  -22.83529      -22.30971       10.82307       4.446857       8.412265    
  -23.72400      -22.94312       11.27803      0.1442430       9.179114    
  -23.75595      -22.98481       11.28214      0.1442430       9.179114    
  -23.75966      -22.99173       11.28611      0.1442430       9.179114    
  -23.99479      -23.25298       11.30746      9.2725635E-02   9.224507    
  -23.97788      -23.23346       11.31007      9.2725635E-02   9.224507    
  -23.97317      -23.22843       11.31259      9.2725635E-02   9.224507    
  -24.08663      -23.64528       10.96275       1.484177       8.359258    
  -23.41044      -23.04062       10.95580       18.62444       8.254366    
  -23.48808      -22.93412       11.20525      0.6299151       8.119188    
  -22.73633      -22.05483       10.09595      0.6261795       8.569770    
  -23.39200      -22.86240       11.20591      6.0184319E-02   8.119281    
  -24.10926      -23.50741       11.16602       1.196334       8.936880    
  -23.41450      -22.82575       10.68055      0.6871294       9.089902    
  -23.72863      -23.01956       11.39295      0.2506991       9.043802    
  -23.05440      -22.50862       10.94309       1.913467       8.940423    
  -23.47112      -22.80133       11.20822      0.1846153       8.791034    
  -23.45161      -22.77945       11.21473      0.1846153       8.791038    
  -23.79958      -23.06920       11.28457      0.1351067       8.957204    
  -23.75279      -23.01698       11.29649      0.1351067       8.957209    
  -23.75158      -23.01704       11.29931      0.1351067       8.957209    
  -24.09948      -23.40750       11.30357      7.7361852E-02   8.957210    
  -24.07463      -23.37838       11.30525      7.7361852E-02   8.957210    
  -24.06198      -23.36423       11.30687      7.7361852E-02   8.957210    
  -22.06102      -21.88431       10.18116      3.2253942E-04   8.074806    
  -23.95451      -23.59479       11.03894       4.534821       8.743561    
  -24.38629      -24.00975       10.87864       9.417321       8.654413    
  -23.78004      -23.04347       11.51703      0.1808372       9.104628    
  -23.78891      -23.05532       11.51887      0.1808372       9.104629    
  -24.02879      -23.31765       11.52074      0.1808372       9.104630    
  -23.31455      -22.65076       11.32790      0.2080660       8.366331    
  -23.32343      -22.65917       11.33423      0.2080660       8.366359    
  -23.80741      -23.23237       11.12511      0.3851474       8.990078    
  -23.30317      -22.64100       11.15574       1.778201       8.611986    
  -23.59127      -22.91683       11.44005      0.1791269       8.113572    
  -23.66050      -22.95039       11.49209      0.1791269       8.602137    
  -23.60481      -23.01802       11.18223      0.6028420       8.612159    
  -23.88438      -23.57371       10.97780       28.41511       8.347988    
  -23.84802      -23.32937       11.36045       1.761803       8.959109    
  -22.02126      -21.81785       9.852838      3.9322276E-04   8.099757    
  -23.77461      -23.49735       11.01370       18.30226       8.201770    
  -23.48749      -22.99590       11.09854      0.6903107       8.108941    
  -23.26052      -22.54030       11.39015      0.2378926       8.938690    
  -23.42807      -23.06694       10.96086       3.520292       8.216857    
  -24.09402      -23.73710       11.18944       15.46301       8.885921    
  -23.58131      -23.10462       11.19551       2.359192       8.885988    
  -23.46644      -22.83418       11.13552      0.8316982       8.598839    
  -23.93122      -23.26455       11.30188      0.1571703       8.839635    
  -23.93368      -23.27018       11.30421      0.1571703       8.839636    
  -23.49809      -22.79849       11.47116      0.2320903       8.906450    
  -23.50425      -22.80315       11.47666      0.2320903       8.906454    
  -23.19120      -22.96372       10.62114       23.66639       8.011751    
  -23.53770      -22.84439       11.30943       1.162628       9.015312    
  -23.67400      -22.98587       11.40018      0.3645205       9.110738    
  -23.56802      -22.85708       11.43871      0.3050294       8.304898    
  -23.53291      -23.19778       10.77634       15.44333       8.117131    
  -24.03328      -23.36925       11.46255      8.3003312E-02   8.304989    
  -24.02005      -23.35558       11.46352      8.3003312E-02   8.304993    
  -24.02561      -23.36472       11.46450      8.3003312E-02   8.304996    
  -23.47920      -22.75402       11.54778      0.1599356       9.172843    
  -23.47503      -22.74761       11.55045      0.1599356       9.172843    
  -23.47329      -22.74436       11.55304      0.1599356       9.172843    
  -23.44111      -22.71820       11.56153      0.5104215       9.150269    
  -23.61674      -22.88991       11.57772      0.3173233       9.194679    
  -23.62911      -22.90354       11.58128      0.3173233       9.194679    
  -23.68736      -22.94459       11.62486      8.8164270E-02   9.203941    
  -23.70608      -22.96592       11.63157      8.8164270E-02   9.211150    
  -23.68548      -22.94068       11.63377      8.8164270E-02   9.211150    
  -23.67799      -22.95692       11.49851       1.325367       8.722827    
  -23.04471      -22.45023       11.13461      0.5933294       8.709769    
  -24.37236      -23.96248       11.14553       10.85065       8.691271    
  -23.66034      -23.11397       11.06350      1.1729385E-02   8.499371    
  -23.62258      -23.07263       11.06417      1.1729385E-02   8.499372    
  -22.94855      -22.35393       11.08267      0.4334816       8.643165    
  -22.97921      -22.38758       11.08640      0.4334816       8.643181    
  -22.96623      -22.36776       11.09417      0.4334816       8.643202    
  -23.64934      -23.28821       10.96668       6.666160       8.398880    
  -22.81307      -22.47209       10.67951       2.434537       8.135074    
  -23.58885      -22.88720       11.16828       1.547418       9.292625    
  -21.45077      -20.98811       9.930537      9.0768643E-02   8.724840    
  -21.37943      -20.90445       9.908848      9.0768643E-02   8.724841    
  -23.88059      -23.31077       11.17809      0.7389306       9.292635    
  -22.41902      -21.94193       10.70640      0.5555007       8.136822    
  -22.55269      -22.22435       10.52152       11.94145       8.556272    
  -23.85671      -23.26325       11.20722      0.5205812       9.396620    
  -23.87294      -23.23776       10.70876      0.2300971       9.550141    
  -24.77439      -24.37402       11.34691       7.852906       8.748643    
  -23.42146      -23.18208       10.77330       27.61723       8.079453    
  -23.41404      -23.12729       10.82170       32.23380       8.507796    
  -23.55469      -22.81367       11.50747      0.2360600       8.929450    
  -23.37101      -22.64686       11.56382      0.8038525       9.342162    
  -23.37046      -22.64425       11.57160      0.8038525       9.342600    
  -23.13051      -22.44758       11.32484       2.010514       8.657656    
  -24.69563      -24.32739       11.39797       10.52601       8.860094    
  -23.50415      -22.86238       11.15002      0.5339970       9.323321    
  -24.03340      -23.51821       11.28485       2.850357       8.737719    
  -23.04508      -22.38630       10.95403      0.8082604       8.849703    
  -23.04502      -22.38518       10.96378      0.8082604       8.849730    
  -24.04107      -23.65914       11.27149       24.86987       8.265800    
  -22.81770      -22.32354       10.89243       1.424523       8.597028    
  -23.55470      -22.91120       11.25288       1.728985       8.015103    
  -24.13427      -23.78526       11.05267       10.53077       8.704494    
  -22.07094      -21.91477       10.13152      2.2999999E-04   8.097240    
  -23.48008      -22.75708       11.36551      0.6982105       8.787182    
  -23.76191      -23.04113       11.40060      0.4886701       8.787216    
  -21.86615      -21.81341       9.681533       17.66145       8.186334    
  -23.59159      -22.84626       11.45924      0.5118204       8.820854    
  -23.71812      -23.40390       10.87489       16.09039       8.145844    
  -23.75482      -23.00558       11.56187       1.011923       9.251966    
  -23.91779      -23.17041       11.56716      0.8620899       9.251969    
  -24.01086      -23.25034       11.57555      0.6961138       9.251972    
  -23.53105      -22.78402       11.76518       1.258698       9.240979    
  -23.68882      -22.93675       11.79898      0.8494215       9.240985    
  -23.10870      -22.48191       10.98745       11.41309       8.742344    
  -23.36975      -22.62643       11.60282       1.579991       9.181704    
  -24.57405      -24.16819       11.33027       4.492065       8.169616    
  -24.42315      -23.93752       11.36766       5.657247       8.938221    
  -23.37877      -22.66030       11.14231       3.551129       9.172961    
  -24.21392      -23.49864       11.15677       1.214332       9.172990    
  -23.03914      -22.73295       10.68506       16.08843       8.430051    
  -22.50390      -22.05152       10.69250       2.607222       8.430676    
  -24.68582      -24.33360       11.27382       12.42986       8.463574    
  -23.68049      -23.57019       10.60941       68.43752       8.473566    
  -23.90064      -23.63404       10.82669       30.83830       8.428375    
  -23.26777      -22.55590       11.29213       3.462391       9.016817    
  -22.76466      -22.55368       10.38508      3.2200001E-04   8.366535    
  -23.95988      -23.74370       10.85338       60.48161       8.645901    
  -23.96493      -23.35721       11.32675      0.4169520       8.482239    
  -22.34815      -21.92122       10.48980       3.605900       8.190045    
  -22.61330      -22.06845       10.83307       6.077396       8.488074    
  -23.25575      -22.56136       11.40876      0.9113300       8.651309    
  -24.91189      -24.51273       11.41327      0.9113300       8.651387    
  -22.71099      -22.24554       10.83786       1.617389       8.489557    
  -23.25862      -22.83538       10.20552       19.96381       8.155680    
  -23.49402      -22.75378       11.18015      0.3599927       8.993792    
  -23.52283      -22.78736       11.18649      0.3599927       8.993793    
  -23.50213      -22.76287       11.19253      0.3599927       8.993796    
  -23.87811      -23.50567       10.92142       35.73584       8.499225    
  -23.98735      -23.45064       11.41045      3.0918827E-02   8.361210    
  -23.86040      -23.31308       11.41045      3.3762757E-02   8.361211    
  -23.84599      -23.51152       11.06067       21.80130       8.722464    
  -23.15597      -22.44586       11.43496       2.015832       9.153308    
  -23.40597      -22.69863       11.65525      0.4810128       8.869336    
  -23.41824      -22.71202       11.65784      0.4810128       8.869345    
  -23.41184      -22.70349       11.66032      0.4810128       8.869353    
  -24.24774      -23.56476       11.66244      0.4325939       8.869358    
  -23.69131      -23.54419       10.71488       48.15434       8.621942    
  -23.35358      -22.63477       11.38828      0.4897853       9.135114    
  -23.35882      -22.63897       11.40091      0.4897853       9.135119    
  -23.70625      -22.95890       11.47121      0.3146745       9.198308    
  -23.70601      -22.95806       11.47469      0.3146745       9.198309    
  -23.71507      -22.96841       11.47804      0.3146745       9.198310    
  -22.52500      -22.39535       9.892975       30.42932       8.422598    
  -23.11507      -22.83455       10.71038      5.7823281E-04   8.552708    
  -23.04079      -22.89704       10.17711       21.91122       8.245554    
  -23.24275      -22.53258       11.33124       3.524091       8.186304    
  -24.06863      -23.54821       10.96550       3.692959       8.701185    
  -23.57242      -22.83883       11.06686       2.194596       8.789745    
  -22.52931      -22.03621       10.63597       5.719982       8.775002    
  -24.01242      -23.82972       10.72142       49.25804       8.631781    
  -24.15724      -23.74846       11.28992       10.19520       8.117600    
  -24.16133      -23.52195       11.48025       3.008311       8.682752    
  -24.31141      -23.94041       11.26886       6.665653       8.132472    
  -23.33448      -22.59952       11.40642       1.049439       8.467781    
  -24.16492      -23.45590       11.41198       1.049439       8.468022    
  -24.44927      -23.88747       11.49501       4.020031       8.504166    
  -24.36232      -23.79766       11.49812       1.132609       8.504260    
  -23.71493      -23.09502       11.12917      0.2888596       8.969670    
  -23.90384      -23.37133       11.13084      0.2888596       8.969672    
  -22.78124      -22.73589       9.909218       36.82189       8.505402    
  -23.01607      -22.36389       11.21082       3.143652       8.509735    
  -23.60062      -22.85991       11.63931      0.5815539       9.126118    
  -23.59547      -22.85263       11.64297      0.5815539       9.126122    
  -23.89703      -23.17210       11.65450      0.5815539       9.126124    
  -23.61655      -22.89103       11.52843      0.8093215       9.010049    
  -24.09112      -23.38480       11.54090      0.8093215       9.010075    
  -24.02794      -23.30185       11.54769      0.4806452       9.010076    
  -23.69584      -22.94003       11.61183      0.4806452       9.316397    
  -23.06040      -22.32261       10.84387      0.2751945       8.479264    
  -23.03711      -22.29338       10.80989      0.2751945       8.479281    
  -23.02255      -22.27573       10.77663      0.2751945       8.479295    
  -23.26497      -23.01083       10.63680       32.99160       8.457696    
  -23.08645      -22.41845       11.28444      0.5862492       8.500474    
  -22.79080      -22.12516       11.09176      0.6961941       8.423102    
  -23.08700      -22.41642       11.28987      0.5862492       8.500525    
  -22.80619      -22.14153       11.10258      0.6961941       8.423215    
  -23.10210      -22.43243       11.29496      0.5862492       8.500587    
  -22.82617      -22.16495       11.11270      0.6961941       8.423353    
  -23.10079      -22.42730       11.30028      0.5862492       8.500649    
  -22.82724      -22.16543       11.12252      0.6961941       8.423487    
  -24.08044      -23.74886       11.15937       18.82269       8.213977    
  -23.97070      -23.65874       11.04424       46.40123       8.767150    
  -24.26757      -23.63098       11.57357       4.604718       8.844375    
  -23.63219      -23.47130       10.76539       47.12140       8.612512    
  -24.06665      -23.38449       11.60103       2.794462       8.844498    
  -22.84744      -22.76234       10.09118       37.20420       8.509887    
  -24.66337      -24.18001       11.24316       12.29214       8.878051    
  -22.64884      -22.21621       10.71295       34.33971       8.449228    
  -22.01023      -21.81376       10.01530       12.37012       8.031681    
  -22.85922      -22.63864       10.45647       29.55280       8.329528    
  -23.32521      -22.61089       11.63913       2.538651       9.448857    
  -23.25531      -22.60128       11.19777       3.877671       8.285382    
  -25.09018      -24.62200       11.40711       12.36178       9.070886    
  -23.41457      -22.71484       11.38548       3.276817       8.524908    
  -23.22295      -22.48756       10.49425      0.2310607       8.448917    
  -23.19222      -22.45169       10.38350      0.2310607       8.448937    
  -22.52674      -22.23736       10.51566       19.22122       8.175109    
  -22.87326      -22.28253       10.94917       1.691443       8.195059    
  -23.70247      -23.38036       10.96674       26.03285       8.459814    
  -23.20670      -22.76735       10.95342      2.8475789E-02   8.196856    
  -23.15540      -22.70354       10.95343      2.8475789E-02   8.196856    
  -23.63166      -23.40096       10.78397       39.31189       8.533817    
  -23.08730      -22.70462       10.78419       1.020722       8.533892    
  -23.27243      -22.58022       11.40326       1.176231       8.826466    
  -24.88562      -24.48466       11.40777       1.176231       8.826523    
  -22.21482      -22.18043       9.541748       25.89481       8.051485    
  -23.70345      -23.55212       10.69477       60.74660       8.722829    
  -23.23564      -22.52259       11.73137       2.868477       9.440230    
  -23.21228      -22.52077       11.18267       7.863115       9.470187    
  -24.11901      -23.38612       11.21743       2.597124       9.470222    
  -23.33997      -22.67430       10.99950       2.707147       8.433452    
  -23.62111      -23.58629       10.32573       73.59046       8.806117    
  -24.49789      -24.15035       11.28814       32.60271       8.579161    
  -22.95198      -22.29671       11.26998       4.246581       8.155843    
  -24.23700      -23.80265       11.34737       4.857893       8.391431    
  -22.47698      -22.35239       10.15357       21.85314       8.278809    
  -22.09743      -21.65640       8.452171       7.411685       8.257040    
  -23.37310      -22.69543       11.43368       4.765597       8.466524    
  -23.09803      -22.83560       10.65345       17.52010       8.182828    
  -23.78075      -23.41371       11.06534       9.889316       8.191045    
  -23.13536      -22.44749       11.20611       1.396252       8.099549    
  -23.13732      -22.44825       11.21388       1.396252       8.101893    
  -23.71515      -23.43126       9.788782       36.77423       8.504847    
  -24.50542      -24.16413       11.16545       10.25515       8.501806    
  -23.03261      -22.61628       10.26317       15.73756       8.287697    
  -23.86023      -23.41713       10.28949       21.84347       8.367860    
  -23.31775      -22.63973       11.30548       7.680040       8.314872    
  -24.11795      -23.78643       11.17053       22.34943       8.212077    
  -23.82662      -23.49430       10.86833       20.22700       8.179126    
  -23.64310      -23.21612       10.89343       12.04156       8.225642    
  -22.43787      -22.30017       10.08903       22.46266       8.290756    
  -24.92669      -24.52144       11.21459       10.14610       9.279137    
  -22.53893      -22.07580       10.62572      0.6365932       8.831882    
  -22.52267      -22.05304       10.63833      0.6365932       8.831917    
  -22.54586      -22.07706       10.64397      0.6365932       8.831930    
  -23.82955      -23.53686       11.00056       28.87440       8.098785    
  -23.90321      -23.47345       9.895616       14.47848       8.253337    
  -24.27223      -23.93936       11.14822       19.06792       8.207658    
  -22.74303      -22.51756       10.41317       18.66865       8.210406    
  -22.99160      -22.81393       10.47124       28.25847       8.390456    
  -23.86647      -23.56444       10.94935       31.49393       8.136498    
  -23.69378      -23.58509       10.57058       73.31452       8.804498    
  -23.66536      -22.95374       11.56084       1.458050       9.110152    
  -24.52047      -24.18794       11.18740       30.73991       8.381152    
  -23.23279      -22.51230       11.44679       7.263676       9.103375    
  -23.50684      -22.99245       11.10589       1.528752       9.137598    
  -22.84185      -22.79894       9.939806       38.07749       8.519963    
  -24.01598      -23.89380       10.80419       78.26987       8.832890    
  -23.56964      -23.00254       10.92286      6.0233541E-02   9.137889    
  -24.50810      -24.25768       11.00124       60.83151       8.644202    
  -23.52083      -22.94807       10.92286      6.0233541E-02   9.137889    
  -22.23237      -21.78691       10.52185      0.6245988       8.256262    
  -23.90053      -23.36320       11.19958      0.5190121       9.527946    
  -22.06505      -21.58721       10.48115      0.6245988       8.256722    
  -23.47855      -22.88144       10.95219      4.0566009E-02   9.137890    
  -23.75987      -23.25872       11.12566       2.215138       9.422739    
  -23.51153      -22.88928       10.98561      4.0566009E-02   9.137890    
  -23.58586      -23.00074       10.98775      4.0566009E-02   9.137890    
  -22.32684      -22.08797       10.25911       14.15041       8.026445    
  -23.69403      -23.07551       11.20380      0.2579877       8.891214    
  -22.05967      -21.82671       10.13127       16.85961       8.212501    
  -22.84800      -22.27209       10.88047       6.687158       8.816299    
  -23.16656      -22.47724       11.21729       2.290276       8.277300    
  -23.07068      -22.44605       11.19691       2.070185       8.652024    
  -22.99854      -22.34556       11.24237       7.324353       9.082106    
  -23.54766      -22.80855       11.70836       2.693243       9.416979    
  -23.53576      -23.43302       10.49603       56.13543       8.688532    
  -23.34692      -22.63328       11.49682      0.9964798       8.491073    
  -23.34307      -22.62615       11.50166      0.9964798       8.491283    
  -22.72266      -22.63560       10.01124       32.14250       8.446375    
  -24.47442      -24.12230       11.18876       46.75651       8.727636    
  -23.12316      -23.04865       10.24705       43.56002       8.578397    
  -21.50145      -21.40381       9.402343       13.06420       8.055390    
  -24.36449      -23.74761       11.38794       6.753421       9.053817    
  -21.69253      -21.61533       9.571996       13.11796       8.057161    
  -22.78814      -22.49530       10.67795       18.10145       8.079289    
  -19.37500      -19.02953       11.16444       18.81902       8.434765    
  -22.67874      -22.14433       10.49991       77.17668       8.525758    
  -19.11417      -18.88439       11.20674       1.461864       8.434869    
  -17.86892      -17.50776       11.36289      0.6567192       9.125858    
  -19.81098      -19.34755       11.36958      0.6567192       9.125862    
  -19.02215      -18.63327       11.37461      0.6567192       9.125867    
  -17.81961      -17.45967       11.37950      0.6567192       9.125872    
  -22.62142      -22.09032       10.87731       23.12363       8.522434    
  -19.78351      -19.33993       10.03834      0.4058919       8.078368    
  -19.37542      -18.96650       11.28629       4.350695       8.524755    
  -19.16645      -18.80560       10.73826      0.8226573       8.653123    
  -21.13140      -20.80067       11.51597       2.824054       9.030046    
  -20.44332      -20.00191       11.58076       1.533887       9.030089    
  -19.52239      -19.10146       11.12549       24.03423       8.201135    
  -18.54779      -18.07342       11.59952      0.9416623       9.030111    
  -18.41349      -17.91655       11.36674       3.301012       8.497787    
  -19.95287      -19.68649       9.983781       5.919828       9.245638    
  -20.24601      -19.86954       11.30473       7.437709       8.496936    
  -21.33739      -20.98693       11.24401       3.535583       8.757820    
  -18.03314      -17.54153       11.41544       11.61374       9.065139    
  -19.06508      -18.66348       10.14980       15.72047       8.135774    
  -18.94234      -18.52069       10.14431       27.19512       8.259667    
  -19.13842      -18.77733       11.36766       4.283342       9.122000    
  -20.58416      -20.17590       11.58148       1.402038       8.818025    
  -17.80684      -17.39495       11.31279       4.267306       9.158590    
  -18.34472      -17.91205       11.11382       8.044928       9.057061    
  -19.54350      -19.14234       11.33030       27.35689       8.351758    
  -18.49800      -18.35471       11.41515      0.6311821       9.237451    
  -19.55947      -19.06982       11.42208      0.6311821       9.237453    
  -23.24863      -22.49367       11.42725      0.6311821       9.237455    
  -20.82374      -20.39397       8.985643       12.30317       8.029311    
  -18.51185      -18.04016       11.42083       2.298846       9.466155    
  -18.51491      -18.11635       10.49780       14.78721       8.250846    
  -20.66059      -20.39394       11.44368      0.6418836       9.237457    
  -18.35728      -18.10004       11.04068       68.10292       8.665709    
  -21.71864      -21.25632       11.17276      0.8220457       8.507907    
  -19.37688      -19.06463       11.18889      0.8220457       8.508169    
  -19.58764      -19.17084       11.38865       3.308995       9.302438    
  -18.15018      -17.67944       11.40598       1.597672       9.302465    
  -19.01897      -18.67178       11.31207       1.293248       8.661626    
  -18.20393      -17.79808       11.31169       1.293248       8.661774    
  -22.74629      -22.16096       11.55667      0.6508570       9.097641    
  -19.02445      -18.57949       10.69123       126.1783       9.040280    
  -18.57544      -18.13004       9.588558       18.43658       8.329748    
  -19.13593      -18.62626       10.78890       27.94999       8.339828    
  -18.83522      -18.65067       11.25480       4.074915       9.228881    
  -18.26303      -17.76505       11.26513       6.780052       8.559777    
  -18.47411      -18.05362       11.69033       1.339120       9.511190    
  -20.08631      -19.81381       11.69723       1.339120       9.511193    
  -21.31011      -20.89798       11.13817       20.49155       8.275003    
  -19.09619      -18.77458       11.90181       9.330976       9.578422    
  -18.61336      -18.32538       11.04809       23.43463       8.008130    
  -19.18130      -18.83234       10.81778       65.96252       8.758592    
  -19.36835      -19.07515       10.33717       38.00909       8.519196    
  -19.29502      -18.96296       10.66009       17.92001       8.244847    
  -18.21189      -17.72409       10.35556       17.05780       8.171224    
  -21.05428      -20.71214       11.56001       10.43360       9.030149    
  -18.13171      -17.70421       10.91237      3.6810638E-04   8.429004    
  -18.42283      -18.28327       11.04900       76.59512       8.709370    
  -19.08781      -18.82957       10.50699       8.853418       8.446125    
  -19.00811      -18.71257       11.32733       3.571294       8.844974    
  -20.14027      -19.81761       11.11686       29.31251       8.392748    
  -17.65088      -17.22268       10.73989       92.10783       8.602569    
  -18.58264      -18.31101       10.99285       31.04618       8.431313    
  -19.57020      -19.13566       10.36630      0.6647345       8.231774    
  -19.25519      -18.82299       11.13385       10.49322       8.409429    
  -21.65288      -21.15265       11.19934       14.76120       8.108400    
  -19.19717      -18.80503       11.49319       29.14051       8.845341    
  -19.39708      -19.04172       11.46484       7.033114       8.537104    
  -18.72161      -18.26502       11.71464       5.653523       9.299220    
  -19.03523      -18.60944       11.14226       15.34507       8.769055    
  -18.37841      -18.09267       11.43384       10.81059       8.754245    
  -20.19424      -19.73107       11.27738      0.3034097       8.985338    
  -19.20376      -18.86312       11.28007      0.3034097       8.985340    
  -19.07624      -18.86120       11.28261      0.3034097       8.985342    
  -23.05355      -22.39481       10.19323       26.44454       8.361637    
  -20.23424      -19.85400       11.45383       2.961697       8.457366    
  -18.35558      -17.92241       10.85855       26.89644       8.599567    
  -18.30852      -18.02475       11.31100       53.93360       8.555842    
  -20.12015      -19.71391       11.18701       8.360954       8.916368    
  -18.70559      -18.28613       10.44309       62.90522       8.737995    
  -19.26266      -18.84652       10.00759       70.57379       8.787939    
  -18.50704      -18.04113       11.18926      0.1823526       8.916727    
  -18.74193      -18.29466       11.19869       1.148012       8.590998    
  -19.18838      -18.85730       11.20847       1.148012       8.591175    
  -19.02057      -18.59617       11.21759       1.148012       8.591348    
  -19.78600      -19.34389       11.32554       34.27280       8.493409    
  -19.86233      -19.42700       11.12273       24.28637       8.216784    
  -19.00629      -18.80943       11.82605       1.331457       9.335611    
  -18.37534      -17.99309       11.83167       1.331457       9.335619    
  -19.73765      -19.19934       10.90155       23.56868       8.198412    
  -20.22191      -19.81461       11.90543       1.263663       9.347652    
  -18.03828      -17.67336       11.91190       1.263663       9.347657    
  -18.25227      -17.81801       10.16784       46.15071       8.603487    
  -18.98924      -18.66604       11.36678       1.169238       8.914913    
  -18.68537      -18.17035       10.31680       17.50151       8.247327    
  -18.56130      -18.10412       10.18883       45.50021       8.597309    
  -18.76405      -18.34135       10.22530       28.72587       8.309239    
  -19.17041      -18.80189       10.56331       20.92859       8.260046    
  -19.07948      -18.68279       11.53602      0.7147445       8.971771    
  -22.50164      -21.77696       11.54045      0.7147445       8.971782    
  -18.47679      -18.10667       11.05943       30.98840       8.424755    
  -18.78591      -18.28421       10.66289       49.92995       8.637656    
  -20.49234      -20.15787       11.08247       15.79552       8.137832    
  -18.50986      -18.04547       10.44079       37.44336       8.788738    
  -19.29053      -18.98395       10.91489       64.87982       8.751404    
  -19.20009      -18.78918       11.26477       13.13765       8.590617    
  -21.27748      -20.81713       11.03084       42.62452       8.510396    
  -23.94792      -23.33262       11.22700      0.1354132       8.114291    
  -23.25584      -22.53007       11.05682      0.2497706       8.325541    
  -24.10925      -23.58447       11.06827      0.2497706       8.325578    
  -22.80147      -22.24646       10.83867      0.3782983       8.394797    
  -22.80173      -22.24619       10.84456      0.3782983       8.394837    
  -23.78500      -23.12733       11.29103      0.1567863       8.125367    
  -22.78594      -22.22579       10.84980      0.3782983       8.394876    
  -23.77465      -23.11766       11.29250      0.1567863       8.125381    
  -22.83454      -22.27792       10.85493      0.3782983       8.394908    
  -23.78587      -23.13411       11.29391      0.1567863       8.125393    
  -22.79134      -22.23018       10.85993      0.3782983       8.394946    
  -23.60656      -22.86371       11.42173      0.3702258       8.245113    
  -22.78341      -22.22010       10.86483      0.3782983       8.394983    
  -23.60398      -22.86116       11.42682      0.3702258       8.245154    
  -23.60564      -22.86292       11.43082      0.3702258       8.245187    
  -23.79202      -23.04995       11.43438      0.3247582       8.245221    
  -23.77253      -23.02692       11.43854      0.3247582       8.245252    
  -23.73785      -23.10440       10.59912      9.3137167E-02   8.125407    
  -23.71730      -23.08030       10.50215      9.3137167E-02   8.125412    
  -23.75342      -23.13997       10.40460      9.3137167E-02   8.125416    
  -23.80472      -23.01851       10.52402      0.3151643       8.245298    
  -23.34361      -22.63948       11.23986      0.5373559       8.948208    
  -23.34382      -22.63734       11.24504      0.5373559       8.948215    
  -23.38494      -22.68400       11.25006      0.5373559       8.948221    
  -24.29975      -23.97673       11.18854       34.43420       9.150695    
  -23.76106      -23.02600       11.55582      0.2457947       8.892025    
  -23.75822      -23.02454       11.55702      0.2457947       8.892027    
  -23.21146      -22.48265       11.51339      0.9173703       9.389272    
  -23.75600      -23.02426       11.55818      0.2457947       8.892029    
  -23.24810      -22.52452       11.52157      0.9173703       9.389274    
  -23.22413      -22.49639       11.52820      0.9173703       9.389277    
  -23.48778      -23.21887       10.80371       31.82157       8.442016    
  -24.06092      -23.81201       11.04298       114.7254       8.897668    
  -24.29711      -23.87398       11.22576       13.29976       8.473530    
  -23.31538      -22.52375       10.94027       3.928887       9.512398    
  -24.86633      -24.69809       10.92612       87.76025       9.100581    
  -23.04734      -22.41036       11.30794       1.107937       8.726910    
  -22.91658      -22.32124       11.03996      0.6155925       8.287056    
  -23.52802      -22.78484       11.48043       1.643475       9.210883    
  -23.06368      -22.42370       11.32159       1.107937       8.727067    
  -22.93429      -22.33647       11.05135      0.6155925       8.287420    
  -22.92118      -22.31831       11.06170      0.6155925       8.287801    
  -23.80803      -23.46584       11.06665      0.6155925       8.287946    
  -23.01678      -22.36482       11.34962       3.336601       8.405541    
  -24.45900      -24.09347       11.35405       3.336601       8.408761    
  -24.62284      -24.25503       11.39380       33.21801       8.532867    
  -24.22496      -23.82008       11.29834       7.935694       8.979568    
  -23.27312      -22.57083       11.50968      0.7871273       9.142219    
  -23.28707      -22.58571       11.51402      0.7871273       9.142225    
  -23.27963      -22.57605       11.51811      0.7871273       9.142232    
  -23.97507      -23.70772       10.99064       46.21003       8.604043    
  -23.08146      -22.37189       11.88005       1.843444       9.708467    
  -23.12898      -22.42416       11.88613       1.843444       9.708469    
  -23.64363      -22.88914       11.58007      0.5883178       9.318460    
  -23.23704      -22.54656       11.55729      0.9924359       9.006587    
  -22.85124      -22.43795       10.62004      1.6282526E-04   8.184525    
  -23.27328      -22.58350       11.57221      0.9924359       9.006625    
  -24.48486      -23.78183       11.59532       4.871635       9.006809    
  -23.75410      -23.34507       11.10822       28.79510       8.885499    
  -23.76159      -23.31838       11.14621       13.97909       8.887878    
  -23.66000      -23.24703       9.433738       21.73645       9.126682    
  -22.81659      -22.71223       10.27229       31.85585       8.442492    
  -23.23013      -22.52758       11.60764      0.9037372       8.807816    
  -23.22774      -22.52213       11.61143      0.9037372       8.807856    
  -25.19350      -24.80248       11.61506      0.9037372       8.807887    
  -22.96480      -22.93774       9.954247       43.04622       8.573243    
  -23.74592      -23.53035       10.77422       42.37227       8.566389    
  -24.04613      -23.78440       11.02365       47.62241       8.617105    
  -23.04215      -22.38503       11.15137      0.6372933       8.571327    
  -23.03572      -22.37572       11.15654      0.6372933       8.571387    
  -23.00121      -22.33891       11.16139      0.6372933       8.571435    
  -23.01596      -22.35519       11.16620      0.6372933       8.571493    
  -22.23442      -21.59151       10.60856      0.3858564       8.076949    
  -22.20403      -21.55357       10.58843      0.3858564       8.077161    
  -22.18248      -21.53059       10.56799      0.3858564       8.077366    
  -23.72186      -23.41288       10.94653       15.42807       8.127614    
  -23.87481      -23.80746       10.51871       91.54281       8.900927    
  -23.18036      -22.47455       11.55198       9.321241       9.014136    
  -24.64012      -24.10853       11.26249       11.33688       8.986715    
  -22.98085      -22.26826       11.10268       7.417456       9.209039    
  -23.93063      -23.65656       10.97113       37.06532       8.508261    
  -24.20096      -23.88986       11.13417       21.49951       8.271717    
  -23.39551      -22.67539       11.73185       2.850634       9.029234    
  -23.24066      -22.53147       11.48948       4.035489       8.908655    
  -24.34665      -24.20542       10.97612       106.8553       8.667068    
  -23.50946      -22.91456       10.56604      0.9856446       8.056011    
  -24.46548      -24.24027       11.11290       80.91312       8.847313    
  -23.16113      -22.45516       11.51625       4.994229       8.069153    
  -23.18625      -22.46433       11.69078       4.706914       9.003932    
  -23.33998      -22.63516       10.22267       10.56916       8.383416    
  -23.12078      -22.43116       11.24332       1.915097       8.351289    
  -23.12104      -22.42787       11.25246       1.915097       8.352428    
  -23.27903      -23.04569       10.67708       33.22778       8.460809    
  -24.48531      -24.10255       11.04099       17.19093       8.503874    
  -24.12541      -23.40404       11.46718       8.546217       8.802613    
  -23.54623      -23.26004       10.84728       23.74082       8.314788    
  -21.74953      -21.49901       9.846306       19.08157       8.122568    
  -23.17159      -22.45793       11.56917       1.625115       8.833226    
  -23.25058      -22.55757       11.35382      0.7183846       8.938874    
  -23.16670      -22.45026       11.57900       1.625115       8.833344    
  -23.19122      -22.49206       11.37554      0.7183846       8.938889    
  -23.19181      -22.49158       11.37949      0.7183846       8.938900    
  -23.13943      -23.00719       10.33882       44.22399       8.584953    
  -23.29729      -22.58767       11.77417       2.098032       9.271039    
  -23.27015      -22.55478       11.78166       2.098032       9.271065    
  -23.43749      -22.70549       11.81626       4.167081       9.278721    
  -23.36950      -22.67176       11.68391       11.20812       9.126595    
  -24.50018      -24.45205       10.68047       156.9939       9.135191    
  -21.62332      -21.42513       9.852754       16.33895       8.044075    
  -23.64027      -23.32702       10.98325       51.75938       8.549548    
  -23.30463      -22.60690       11.53249       3.482866       9.032819    
  -24.14776      -23.84349       11.11740       22.98689       8.300771    
  -24.29361      -23.99808       11.14309       35.43815       8.488763    
  -22.74765      -22.43034       10.41623       34.07257       8.351214    
  -22.45308      -22.37904       9.973605       23.13375       8.303541    
  -24.04230      -23.71511       11.15154       26.64551       8.622428    
  -23.71421      -22.99142       10.02247       3.836807       8.154815    
  -23.40281      -22.94685       9.619758       3.311187       8.459559    
  -22.36001      -22.28615       9.946989       22.51673       8.291814    
  -25.01725      -24.62883       11.24508       14.13655       8.460275    
  -23.14918      -22.44861       11.51524      0.8797815       8.389892    
  -23.19035      -22.49233       11.51984      0.8797815       8.390100    
  -23.16018      -22.45661       11.52422      0.8797815       8.390353    
  -23.49209      -23.32436       10.64811       49.59480       8.634731    
  -22.73391      -22.69957       9.864665       35.87453       8.494081    
  -23.70691      -23.34877       10.94193       18.70789       8.733839    
  -24.23529      -24.15120       10.77032       121.7414       9.024734    
  -23.18605      -23.04661       10.34589       44.98623       8.592387    
  -23.89199      -23.20336       10.88449       48.17112       8.534184    
  -23.11525      -22.46127       11.19378      0.5092998       8.279938    
  -22.92219      -22.17989       10.11257      0.6457822       8.017533    
  -23.35496      -22.64916       11.49810       3.224278       8.276969    
  -23.11693      -22.42921       11.10116       7.850769       8.475152    
  -22.42693      -22.21426       10.27005       17.33511       8.178234    
  -23.07090      -22.89464       10.40326       34.55653       8.477825    
  -25.23877      -24.83036       11.44799       26.37592       8.358411    
  -23.24316      -23.07676       10.56470       38.61007       8.525996    
  -23.14653      -22.40185       11.63384       1.913768       9.188811    
  -23.15729      -22.41417       11.64524       1.913768       9.188840    
  -23.90763      -23.15239       11.52551       5.568578       8.360538    
  -23.57739      -22.88495       11.24362       5.073299       8.107190    
  -24.69884      -24.43806       11.25565       76.03349       8.820311    
  -23.20917      -22.50133       11.55725       2.371292       8.973705    
  -23.18620      -22.92550       10.58014       35.09977       8.375620    
  -23.52002      -23.51557       10.08005       69.98766       8.784317    
  -22.77298      -22.18214       10.60349      0.6511769       8.263369    
  -23.23993      -22.51694       11.59258       1.869614       8.638888    
  -22.84678      -22.26209       10.61585      0.6511769       8.263574    
  -23.41112      -22.68540       11.64193       1.869614       8.715256    
  -22.70756      -22.10653       10.61052      0.6511769       8.263821    
  -22.61337      -21.99551       10.59415      0.6511769       8.264060    
  -22.55397      -21.92320       10.57775      0.6511769       8.264245    
  -24.60424      -24.22278       11.45090       22.30269       8.363811    
  -23.20290      -22.49412       11.41690       1.705358       8.820334    
  -24.77350      -24.35962       11.42068       1.705358       8.820426    
  -23.25016      -22.98422       10.57712       13.54816       8.071185    
  -23.99550      -23.32498       11.36729      0.1686147       8.392241    
  -23.99696      -23.32846       11.36867      0.1686147       8.392249    
  -23.98150      -23.31234       11.36998      0.1686147       8.392259    
  -23.13396      -23.03011       10.38307       43.65176       8.579297    
  -23.36210      -22.64507       11.47555       4.343106       8.690246    
  -23.04332      -22.72802       10.73109       30.92975       8.351896    
  -22.66918      -22.18841       10.82482       9.778816       8.108638    
  -23.63772      -23.33171       11.01877       17.30150       8.177387    
  -23.35525      -22.65824       11.69107       1.899778       9.040808    
  -23.55651      -23.28704       10.65551       43.33200       8.462014    
  -23.24931      -22.55310       11.59200       1.416464       8.308108    
  -23.24529      -22.54564       11.59582       1.416464       8.309063    
  -23.40005      -22.68358       11.92114       2.310353       9.545901    
  -23.37240      -22.65000       11.92792       2.310353       9.545911    
  -23.34044      -22.62113       11.69415       6.584949       9.207025    
  -23.71300      -23.45649       10.81443       33.95944       8.470267    
  -23.26009      -22.55071       11.34027       5.028038       8.530204    
  -23.95842      -23.21669       11.36047       1.915895       8.531310    
  -24.18670      -23.45096       11.36896       1.295362       8.531483    
  -22.37585      -22.20425       10.21660      6.9121314E-05   8.266636    
  -24.68390      -24.29338       11.32889       11.85654       8.751143    
  -23.21425      -22.46890       11.49747       2.344308       9.079511    
  -22.31566      -22.05302       9.946165       14.82005       8.110156    
  -24.21392      -23.89682       11.14724       18.15160       8.198204    
  -23.20225      -22.50851       11.40838       2.863947       8.396828    
  -23.28916      -22.54874       11.60295       5.261619       9.159991    
  -24.15825      -23.79041       11.32038       17.93676       8.193030    
  -23.77265      -23.66970       10.61421       76.15073       8.820982    
  -24.43255      -24.24011       11.07032       87.62061       8.580878    
  -24.22631      -23.86785       11.22369       16.09800       8.262458    
  -22.65047      -22.17348       10.67188       5.005800       8.382049    
  -25.08212      -24.69271       11.56246       10.10284       9.002542    
  -24.17435      -23.84888       11.19171       33.10480       8.727243    
  -22.57547      -22.15541       10.67956       1.511670       8.387075    
  -24.37689      -24.29186       10.81197       141.0312       9.088611    
  -23.25286      -23.07410       10.43266       37.78677       8.215611    
  -23.29216      -23.04040       10.71473       24.21575       8.323392    
  -22.58600      -22.48005       9.363033       25.22630       8.341162    
  -23.38503      -22.70352       11.44320      0.8631912       9.046516    
  -23.24778      -22.57812       11.40189      0.8456978       8.457287    
  -23.04983      -22.34829       11.47497      0.8456978       8.861478    
  -23.06111      -22.36263       11.47994      0.8456978       8.861506    
  -23.07291      -22.37664       11.48475      0.8456978       8.861533    
  -23.12831      -22.43532       11.45242      0.6829349       8.495244    
  -23.12910      -22.43450       11.45553      0.6829349       8.495337    
  -23.13118      -22.43619       11.45846      0.6829349       8.495428    
  -24.55008      -24.14967       11.46133      0.6829349       8.495500    
  -23.38185      -22.67861       11.46531      0.5494985       8.321665    
  -23.40709      -22.70617       11.46801      0.5494985       8.321777    
  -23.39667      -22.69344       11.47056      0.5494985       8.321914    
  -23.17633      -22.45563       11.34262       1.626235       9.124973    
  -23.32182      -23.04126       10.79446       22.09761       8.283639    
  -23.23702      -22.55989       11.42230      0.6743177       8.699117    
  -23.23351      -22.55298       11.42572      0.6743177       8.699154    
  -23.26924      -22.59171       11.42890      0.6743177       8.699184    
  -23.23800      -22.55507       11.43201      0.6743177       8.699221    
  -23.21528      -22.48168       11.45893       1.141893       9.158686    
  -23.25814      -22.53019       11.46665       1.141893       9.158695    
  -21.71844      -21.60501       8.745324       13.46331       8.068447    
  -24.80694      -24.42504       11.39869       15.59318       8.739152    
  -23.32523      -22.61299       11.73151       1.758456       9.686783    
  -23.41384      -22.69930       11.74264       1.758456       9.686786    
  -23.13519      -22.43325       11.34851       3.182744       8.863494    
  -22.87633      -22.20246       11.15148      0.7150558       8.348562    
  -23.04251      -22.42038       11.19667      0.9684178       8.047556    
  -23.20708      -22.52870       11.27767       12.49561       8.810708    
  -25.02242      -24.66311       11.40578       27.81582       8.646799    
  -23.07209      -22.44641       11.21169      0.9684178       8.050401    
  -23.67847      -23.44263       10.78865       47.35294       8.614655    
  -24.40067      -24.05798       11.22403      0.9684178       8.052809    
  -24.16261      -23.85267       10.98778       13.61499       8.073304    
  -23.23291      -22.54009       11.53583       11.27069       8.749828    
  -22.96972      -22.23814       10.90420      0.5433805       8.116018    
  -22.94377      -22.20438       10.85952      0.5433805       8.116366    
  -23.91452      -23.44240       10.81482      0.5433805       8.116700    
  -23.32483      -23.15225       10.50898       40.79132       8.549876    
  -23.20354      -22.51076       11.35120       1.182507       8.881804    
  -23.21511      -22.52959       11.49741       7.781549       8.959060    
  -23.52331      -23.36459       10.02655       65.70611       8.756907    
  -23.22336      -22.49914       11.50557       3.773604       8.742486    
  -23.25622      -23.07376       10.38006       38.17406       8.521076    
  -22.56260      -22.37644       10.18467       22.23217       8.286277    
  -24.80377      -24.41729       11.34683       22.96915       8.288193    
  -23.90518      -23.17273       11.41136       8.978754       8.987121    
  -23.61237      -23.55216       10.46599       68.11808       8.772571    
  -23.17640      -22.47939       11.46520       3.718353       9.022181    
  -23.84295      -23.73870       10.53061       89.26862       8.588971    
  -23.89250      -23.16135       11.49837       1.384598       9.022340    
  -24.03637      -23.98987       10.51469       110.6251       8.983155    
  -23.26593      -22.58237       11.36776       4.002243       8.984000    
  -24.96473      -24.60486       11.51383       30.10565       8.116920    
  -23.24005      -22.97807       10.65344       59.34493       8.817943    
  -24.05831      -23.32014       11.61169      0.3189620       8.976906    
  -24.04738      -23.30760       11.61323      0.3189620       8.976908    
  -23.49816      -22.77213       11.71110       5.030667       9.330953    
  -22.88213      -22.30214       10.94473       6.078139       8.278935    
  -23.76597      -23.48850       11.02617       40.06842       8.542109    
  -22.81119      -22.62142       10.29266       49.79770       8.546059    
  -24.63124      -24.52626       10.88859       171.7862       9.174284    
  -23.22351      -22.51090       11.82989      0.8405302       9.946174    
  -23.47927      -23.21536       10.73748       23.33631       8.307339    
  -22.47903      -22.27807       10.16658       21.45927       8.270923    
  -23.29407      -22.59150       11.88803      0.3423767       9.742038    
  -23.32159      -22.60255       12.05014       3.513271       9.746362    
  -23.39499      -22.67309       12.05798       3.513271       9.746368    
  -23.40233      -22.67965       12.06509       3.154493       9.746371    
  -23.46330      -22.73647       12.07190       3.154493       9.746378    
  -23.24168      -22.52686       11.58518       1.659936       8.937018    
  -23.27806      -22.56603       11.59142       1.659936       8.937079    
  -22.94681      -22.34716       11.05778       6.230988       8.640957    
  -23.34972      -22.64406       11.79725       10.68010       8.988358    
  -23.38510      -22.66523       11.91734       5.173334       9.048405    
  -24.62968      -24.27517       11.44075       12.60477       8.039826    
  -22.39816      -22.24644       10.02800       20.09305       8.242354    
  -24.42198      -24.06369       11.24554       29.08033       8.455310    
  -23.56252      -23.44732       10.45411       69.11387       8.778861    
  -23.20345      -22.50867       11.32888       9.380658       8.447706    
  -23.13046      -22.44190       11.28162       3.844742       8.263011    
  -24.61204      -23.95209       11.33685      0.1859379       8.451838    
  -24.55622      -23.87985       11.33746      0.1859379       8.451846    
  -24.84094      -24.49887       11.27301       37.62426       8.520686    
  -24.61898      -23.96167       11.33746      0.1859379       8.451852    
  -21.95699      -21.44011       9.236238       2.996732       8.142744    
  -23.24447      -22.53921       11.83580       5.057297       8.607162    
  -22.82334      -22.27967       10.87150       5.655794       8.147099    
  -24.49998      -24.29979       10.90306       93.20296       8.846730    
  -24.15209      -23.75015       11.11507       11.38625       8.487287    
  -24.73098      -24.70108       10.71898       197.5215       9.234910    
  -22.00515      -21.72713       9.935781       12.25737       8.027699    
  -23.21438      -22.51435       11.79794       2.270813       9.294779    
  -23.42963      -22.72668       11.80589       2.270813       9.294806    
  -23.39223      -22.65974       11.86475       1.516097       9.294808    
  -24.15726      -23.85298       11.07529       40.51517       8.502639    
  -22.67826      -22.11010       10.81854       6.128839       8.032907    
  -22.98585      -22.78427       10.38764       28.80777       8.097782    
  -23.74788      -23.48687       10.89279       35.30300       8.487105    
  -24.57403      -24.17672       11.46650       19.74001       8.581062    
  -23.47108      -23.22110       10.69217       24.67000       8.030441    
  -24.43076      -24.10276       11.27630       18.94678       8.216829    
  -23.18086      -22.45690       11.77026       3.556068       9.076195    
  -23.27162      -22.56658       11.48064       1.819988       9.179849    
  -24.15459      -23.70976       9.714124       8.757269       8.612873    
  -24.36913      -24.13858       11.09613       71.64676       8.794491    
  -23.48944      -23.26176       10.58582       36.43608       8.199804    
  -24.59975      -24.22302       11.25103       26.25323       8.389240    
  -23.23008      -22.51332       11.48729       1.461058       9.055574    
  -23.31908      -22.59472       11.71663       2.033787       9.344011    
  -23.31461      -22.58740       11.72638       2.033787       9.344028    
  -24.25327      -24.18099       10.62654       132.7424       8.761282    
  -23.43729      -22.69790       11.76473       1.749904       9.344034    
  -23.78929      -23.45115       10.66904       51.68312       8.604685    
  -22.82472      -22.64653       10.19247       23.63234       8.312814    
  -23.35867      -22.64197       11.88121       1.719114       9.011258    
  -23.46809      -22.74856       11.88744       1.719114       9.011313    
  -23.45061      -22.71511       11.92196       3.821921       9.011422    
  -24.20750      -23.90672       11.03456       53.23116       8.597623    
  -23.27726      -22.55150       12.00767       2.695843       9.440636    
  -24.39694      -24.12475       11.12246       91.78920       8.798830    
  -23.61265      -23.44663       10.50764       54.70171       8.677296    
  -23.34905      -22.62692       12.06525       3.466151       9.440654    
  -22.77850      -22.55448       10.47154       21.88379       8.279430    
  -23.10608      -22.82427       10.75267       13.98584       8.084994    
  -23.33841      -22.60566       12.13540       6.171478       9.504919    
  -23.65371      -23.56357       10.58097       68.51123       8.474034    
  -22.90179      -22.28187       11.12761       6.969827       8.067919    
  -25.03768      -24.92455       11.17232       179.5898       8.892553    
  -23.37952      -23.06129       10.54271       36.49860       8.501576    
  -23.42999      -22.70888       11.99016       1.314431       8.919997    
  -23.24647      -22.51761       12.01376       1.314431       8.956510    
  -23.39313      -22.66156       12.02509       1.465621       8.956544    
  -23.37285      -22.63834       12.03041       1.465621       8.956592    
  -23.51818      -22.77911       12.03366       1.277480       8.956625    
  -23.54200      -22.80480       12.03663       1.277480       8.956654    
  -23.14885      -23.04351       10.37957       47.22010       8.613435    
  -23.17829      -22.59947       11.11942      5.0740613E-04   8.002089    
  -23.15077      -22.45021       11.46594       4.134792       8.703482    
  -23.01474      -22.77857       10.52413       20.36994       8.248283    
  -24.08788      -23.77526       11.09323       23.18216       8.304445    
  -24.52141      -24.22458       11.19834       99.25743       8.939472    
  -23.24385      -22.53440       11.71699       3.332937       9.326410    
  -24.13527      -23.82651       11.11957       31.83445       8.442203    
  -24.37907      -24.00652       11.33388       22.02813       8.842722    
  -23.66737      -23.38888       10.79011       23.82284       8.316300    
  -22.54308      -22.33163       10.16954       16.01239       8.143764    
  -23.93717      -23.80676       10.74883       85.04735       8.868957    
  -24.06925      -23.56436       11.31023       2.153233       8.650578    
  -24.36037      -24.04566       11.11273       27.48134       8.329419    
  -23.81541      -23.58774       10.73812       55.62744       8.383561    
  -23.74893      -23.01375       11.50955       1.053672       8.411793    
  -24.14131      -23.40981       11.51271       1.053672       8.412088    
  -23.41935      -22.67348       11.52581       4.405804       9.137385    
  -22.34537      -22.13779       10.23152       15.69899       8.135180    
  -24.85915      -24.41452       11.31033       14.91746       8.623172    
  -25.07327      -24.70639       11.47447       37.97161       8.402578    
  -22.95961      -22.75607       10.41948       28.00600       8.386553    
  -22.98882      -22.29593       11.14789       1.333973       8.501894    
  -22.99752      -22.30370       11.16604       1.333973       8.502179    
  -25.53544      -25.15464       11.18285       1.333973       8.502522    
  -23.38757      -22.99607       10.10702       11.61355       8.004251    
  -23.93417      -23.65602       10.94035       34.07917       8.471783    
  -23.90455      -23.70926       10.95280       60.65418       8.722169    
  -23.70907      -23.50321       10.86244       55.57571       8.684193    
  -23.87104      -23.43684       11.33916       9.145691       8.047528    
  -23.71542      -23.22785       11.33957       1.018477       8.047812    
  -24.06852      -23.75311       10.99957       26.38871       8.465324    
  -23.31852      -22.60999       11.87111       1.945716       8.270517    
  -23.34030      -22.63297       11.87500       1.945716       8.272202    
  -24.18656      -23.81370       11.29420       15.66125       8.134110    
  -23.26725      -22.54808       11.93525       5.946527       9.057412    
  -22.14931      -22.01471       10.09424      2.3193666E-05   8.242951    
  -22.89291      -22.63635       10.50410       20.50756       8.251208    
  -23.20346      -22.50202       11.44294       1.509495       8.938713    
  -23.20324      -22.50014       11.44775       1.509495       8.938771    
  -22.50510      -22.37783       10.01886       29.63295       8.361119    
  -23.25990      -22.53625       11.52350       5.882345       8.840113    
  -23.15248      -22.53069       10.95686       5.692531       8.501187    
  -23.68166      -23.42234       10.89100       33.50198       8.464365    
  -23.21164      -22.83176       10.89119      0.8548315       8.464437    
  -23.54001      -23.40081       10.56045       64.89113       8.751481    
  -23.53457      -23.51792       10.11382       73.74836       8.807061    
  -23.35167      -23.08162       10.61144       23.92474       8.335505    
  -23.35306      -22.61626       11.92533       1.823681       9.338005    
  -24.40963      -23.76279       11.52245       10.67333       8.958659    
  -24.83742      -24.48071       11.34322       18.12781       8.084116    
  -24.23080      -23.90374       11.11517       26.11167       8.356125    
  -24.08151      -23.35049       11.62162       7.116134       8.959145    
  -24.44714      -23.84594       11.33637       14.86491       8.111444    
  -23.42764      -22.73447       11.53713       5.459230       8.791636    
  -23.23050      -22.97596       10.72264       41.91741       8.465407    
  -23.35031      -22.63178       11.77931       1.380098       9.339426    
  -23.36436      -22.64611       11.78490       1.380098       9.339435    
  -24.19033      -24.01301       10.84964       87.81622       8.882876    
  -23.34620      -22.60995       11.84219       1.600390       9.416225    
  -23.38093      -22.64854       11.84733       1.600390       9.416231    
  -23.04415      -22.64758       10.69340      2.0713727E-04   8.376400    
  -23.39596      -22.69506       11.74720       1.427283       9.164390    
  -22.41055      -21.98615       10.64883       5.611379       8.133633    
  -24.67070      -24.33730       11.20794       21.24411       8.453527    
  -24.48734      -24.17549       11.14167       68.62050       8.709431    
  -24.38020      -24.08844       11.02576       37.75145       8.516226    
  -24.67425      -24.29093       11.23319       7.134559       8.411791    
  -23.08528      -22.70564       10.80515       12.62797       8.209160    
  -23.09077      -22.38652       11.35811       3.130256       8.820683    
  -25.00590      -24.47078       11.32402       9.084805       8.587373    
  -22.65413      -22.28761       9.879886       15.55377       8.232740    
  -23.29771      -22.57431       12.04360       3.712575       9.042302    
